
**********************************************************
Termite log, started at Sat Mar 19 22:48:22 2022
**********************************************************

**********************************************************
Termite log, started at Sat Mar 19 22:48:28 2022
**********************************************************
SAD_
Toggle ADC
479,514,493,512,524,644,448,557,384,375,430,492,389,549,505,656,604,518,684,462,774,551,554,561,449,486,531,534,610,564,478,467,413,513,327,496,530,471,518,374,428,637,564,717,731,524,493,406,560,522,423,503,440,542,530,514,396,625,633,570,377,444,326,472,365,699,522,391,478,451,436,655,268,591,539,427,320,504,481,500,657,793,422,543,512,540,549,390,405,368,478,542,433,572,685,674,649,722,572,319,578,532,599,448,434,387,493,387,465,726,455,459,448,429,406,504,615,549,389,304,540,521,520,574,487,681,441,408,348,700,396,418,473,572,490,462,482,595,409,557,243,479,415,664,600,661,639,660,382,550,655,520,426,347,422,398,657,459,660,323,537,541,527,609,612,362,387,382,481,595,633,597,542,353,489,675,672,383,552,364,468,495,546,361,535,434,565,523,566,358,489,417,598,562,513,337,556,396,455,271,553,518,510,406,623,499,410,611,451,622,526,529,303,603,553,551,571,663,559,368,439,672,591,504,464,527,458,600,504,456,635,369,463,564,617,534,657,534,630,546,421,482,451,605,477,457,494,470,405,230,565,512,553,560,710,493,348,407,390,622,533,467,554,413,478,491,420,431,578,496,513,421,589,454,537,467,439,438,434,469,563,475,440,545,452,417,351,355,457,536,456,585,565,507,492,758,631,571,559,339,330,713,491,365,493,519,463,351,497,584,538,504,451,426,451,506,451,239,410,401,502,468,531,499,635,479,483,604,592,627,423,571,563,519,455,600,372,629,527,536,662,613,476,621,489,340,392,601,559,432,440,561,509,471,570,514,446,361,285,448,587,387,665,531,427,628,498,393,625,489,492,327,421,391,477,439,501,478,492,429,589,547,574,582,649,503,418,602,401,455,547,512,595,477,345,563,518,438,414,486,545,442,635,552,311,591,487,563,278,601,413,599,611,601,660,444,559,561,693,517,246,610,401,439,593,473,678,617,682,712,511,344,453,560,757,575,523,571,646,566,508,614,376,695,605,534,491,382,711,337,491,540,557,405,730,449,620,388,687,517,349,607,504,653,416,487,447,435,442,659,601,343,514,713,663,565,441,557,506,519,496,488,543,444,441,592,413,580,486,291,390,621,543,708,412,505,428,373,639,457,595,483,467,571,611,288,775,499,451,506,613,501,479,569,348,479,537,343,643,615,490,566,374,485,543,478,417,587,426,533,504,460,571,512,295,604,549,665,361,638,486,553,580,590,474,548,706,521,438,323,307,360,592,465,687,523,549,421,548,566,647,415,605,740,500,609,440,491,317,560,578,598,654,524,432,458,587,382,588,521,500,496,656,606,568,380,314,542,677,441,594,385,479,473,785,611,326,469,501,471,556,582,469,589,368,439,535,504,380,312,329,467,580,563,433,493,591,366,576,491,363,443,530,455,700,555,440,649,SAD_
617,Toggle ADC

**********************************************************
Termite log, started at Sat Mar 19 22:49:34 2022
**********************************************************
SAD_
Toggle ADC
272,551,565,438,549,397,404,607,412,576,515,413,539,643,602,536,590,519,391,451,380,455,478,499,675,539,354,532,591,622,406,435,593,542,438,460,414,767,463,522,455,483,524,646,251,479,388,655,403,445,449,415,495,473,646,563,714,488,284,417,748,645,687,564,487,412,513,535,435,439,539,490,419,343,435,483,486,473,406,542,250,454,503,598,743,575,591,742,441,520,251,478,475,544,545,383,469,421,476,502,679,582,392,663,579,401,439,259,596,481,649,595,340,480,432,503,478,597,368,547,599,529,513,475,508,575,460,485,608,412,421,491,550,442,469,546,566,596,551,438,433,406,525,535,508,525,568,560,479,417,486,547,457,724,441,491,839,447,569,473,531,459,467,527,469,619,537,582,642,446,740,725,540,499,491,733,647,518,588,440,589,619,614,595,498,524,729,628,543,486,605,445,717,647,331,569,578,600,612,605,543,435,499,589,557,458,460,389,556,496,565,440,567,526,542,444,423,399,553,406,374,531,622,643,474,432,573,434,416,498,415,395,576,483,554,258,556,506,393,561,649,613,558,330,391,720,454,748,641,588,517,469,608,547,363,406,587,425,519,610,551,620,477,560,479,601,500,615,397,349,627,391,590,345,414,652,398,509,555,478,593,473,583,338,326,407,524,479,468,696,598,448,647,619,440,401,454,431,556,578,576,722,515,491,480,573,519,280,386,465,743,563,437,463,350,450,571,528,417,605,600,529,341,332,551,511,312,335,427,553,477,365,577,501,551,398,371,488,517,391,660,563,619,612,515,463,544,380,515,446,576,446,601,628,588,286,501,505,386,592,508,472,615,419,620,486,519,576,547,403,644,544,555,670,428,483,379,609,399,534,477,483,673,499,560,516,577,531,453,455,666,677,452,521,540,653,679,490,464,419,498,400,634,538,563,510,454,396,514,560,448,424,424,544,569,415,396,390,494,440,543,519,365,376,416,371,516,517,720,437,351,462,561,460,399,602,457,564,622,472,361,457,537,553,377,604,415,517,404,350,491,440,512,724,650,633,315,580,324,365,487,558,510,494,415,705,501,566,471,673,651,577,327,551,555,468,603,650,511,459,544,555,450,719,700,422,373,724,393,531,489,537,480,525,569,633,620,466,282,466,383,620,454,383,579,684,440,457,522,490,447,508,366,615,542,591,591,460,420,499,624,417,514,598,580,583,627,535,528,612,410,497,535,388,639,418,470,436,403,484,491,504,575,719,497,521,680,476,545,444,467,513,423,551,620,424,498,550,523,448,500,548,486,559,614,316,504,299,565,423,522,638,485,469,499,403,541,569,502,514,436,577,519,319,367,455,484,549,567,430,462,450,538,839,388,452,541,501,367,601,364,372,538,677,438,568,481,465,505,590,371,464,444,463,461,315,508,543,393,691,423,455,652,792,480,441,422,497,585,479,436,357,561,710,614,459,348,417,591,473,322,433,743,544,652,527,478,408,330,499,507,369,641,496,595,603,352,591,441,619,592,543,508,549,533,470,642,504,511,604,615,393,531,374,626,592,623,514,638,435,544,576,535,377,472,575,519,474,504,366,553,457,524,531,731,385,427,413,423,543,413,499,344,430,655,492,815,383,352,492,477,673,423,649,751,563,575,735,691,594,511,425,486,373,327,465,400,515,495,493,524,496,591,793,443,416,409,576,527,400,551,600,338,479,450,666,578,519,610,562,391,353,615,588,448,379,472,480,480,563,528,332,316,518,369,588,462,428,464,599,327,461,477,586,569,543,397,536,433,451,694,385,427,554,516,516,519,568,489,532,491,537,502,568,533,397,466,326,459,506,588,423,532,487,508,501,221,624,369,449,548,413,586,430,600,428,532,495,543,573,363,488,554,479,811,528,612,441,457,538,542,527,486,540,619,592,566,521,430,569,782,611,480,559,573,494,478,430,612,512,573,415,605,563,681,585,699,591,494,396,509,762,639,561,460,440,752,451,505,496,512,534,538,496,600,537,511,531,473,467,497,405,403,622,566,553,572,529,579,613,543,546,500,439,576,395,404,373,457,660,476,542,368,349,240,563,500,645,539,424,483,396,546,366,810,498,579,487,621,414,553,395,396,583,534,522,326,562,494,511,393,627,620,433,595,473,668,618,474,396,743,453,539,483,619,441,688,812,493,342,513,478,547,548,734,573,379,295,626,715,684,560,611,381,294,380,514,391,504,449,411,503,464,700,491,499,539,482,448,561,539,425,376,604,439,449,300,513,470,521,619,657,420,578,406,359,535,627,544,577,545,704,628,387,797,476,399,453,477,592,755,405,553,669,364,585,497,586,424,528,500,440,575,540,181,531,519,562,493,637,615,673,419,549,539,389,483,535,357,543,387,559,487,664,636,651,378,468,400,577,535,427,464,555,646,374,476,362,573,523,490,586,504,655,432,435,503,284,536,297,501,585,418,537,490,282,249,600,564,453,571,575,642,688,513,610,421,600,425,481,548,633,504,505,622,464,597,637,348,398,635,509,629,603,498,453,437,508,435,619,340,566,432,417,304,654,678,760,646,632,459,380,543,412,568,566,481,583,487,403,593,398,547,404,736,625,467,646,567,339,449,369,319,583,767,598,398,686,706,509,575,536,489,456,386,471,817,531,356,441,417,577,388,501,511,511,494,443,487,480,567,502,486,403,537,682,564,519,391,482,436,411,397,623,495,463,335,564,603,639,438,621,503,532,548,602,491,364,507,517,499,364,548,538,510,470,508,610,600,679,492,343,505,620,633,582,519,470,423,392,350,387,331,356,486,444,500,429,314,820,547,606,610,547,556,429,607,452,489,719,539,428,434,341,486,501,552,651,734,626,535,608,518,453,343,548,707,454,488,499,324,402,616,597,543,703,428,451,586,377,377,403,271,609,520,599,683,575,306,466,492,465,504,425,520,557,691,552,500,529,683,531,469,603,457,572,423,440,486,473,424,585,608,493,544,209,497,564,325,303,637,603,510,438,658,413,573,704,463,441,383,434,674,607,441,496,465,599,491,472,518,500,454,324,492,522,620,483,688,457,499,432,578,360,758,549,478,465,447,727,586,471,455,721,475,455,536,634,606,308,581,514,527,628,384,333,657,490,492,572,359,433,383,448,698,437,489,441,543,538,349,478,414,631,562,499,584,523,289,327,431,584,554,681,545,479,485,455,465,624,634,612,494,307,512,542,507,595,460,462,559,451,299,389,419,490,527,721,606,568,604,431,479,725,591,630,585,500,527,622,289,715,647,659,643,614,547,402,383,422,538,377,676,478,486,415,443,612,604,338,536,305,475,627,506,651,549,495,487,287,560,569,471,548,480,391,540,387,454,508,401,629,572,419,320,413,448,364,745,508,489,651,668,418,535,631,364,367,285,595,589,452,627,523,496,449,523,492,497,660,584,608,558,448,629,448,471,398,358,556,570,561,551,526,507,577,474,621,593,422,465,460,551,417,564,460,622,653,571,442,602,503,522,605,524,538,531,473,609,335,401,523,519,529,352,620,739,496,599,512,523,211,624,509,511,539,393,547,681,517,541,426,560,584,640,637,470,433,506,636,402,489,283,520,520,515,480,431,578,625,519,396,464,578,575,530,600,469,648,509,493,526,371,361,545,489,586,427,464,481,487,369,467,431,484,562,536,556,488,579,445,520,560,659,449,611,425,575,535,578,795,468,456,425,552,575,509,667,432,563,556,475,519,636,628,648,447,670,439,506,389,643,314,366,436,511,569,394,481,632,637,496,492,520,483,404,349,433,675,577,484,463,622,390,296,572,579,428,440,420,586,421,630,508,404,252,596,487,453,419,579,560,405,432,560,423,508,591,551,357,412,743,646,795,502,477,568,566,564,397,476,504,399,607,360,347,578,378,529,399,700,378,565,583,725,530,447,524,429,572,439,547,611,625,446,482,556,467,381,693,491,553,453,460,517,391,720,598,621,402,504,329,422,431,476,619,693,671,545,595,552,406,536,254,504,456,536,285,642,420,431,378,497,566,548,360,655,355,464,412,701,571,482,511,521,504,235,507,486,527,350,492,463,438,417,549,425,451,477,315,655,633,578,728,446,591,441,604,530,348,684,575,381,464,568,532,543,409,535,403,518,533,385,590,353,391,492,578,561,634,817,348,370,561,517,428,538,451,588,554,722,469,531,632,477,582,716,556,639,580,551,556,635,563,519,704,690,367,541,576,611,491,457,469,399,489,374,580,556,491,609,340,539,510,828,505,467,560,617,402,664,392,732,623,583,441,439,695,410,484,463,455,826,503,657,683,613,758,712,436,506,552,466,634,539,497,478,540,510,671,644,563,562,505,660,385,523,665,724,500,620,491,551,389,573,283,418,647,629,391,306,521,644,499,392,575,516,501,617,496,624,601,601,519,513,489,482,508,573,314,496,521,523,559,561,644,511,552,493,423,505,639,519,371,433,564,602,604,279,455,618,542,373,595,523,309,594,478,675,482,484,541,395,348,536,435,859,691,479,591,575,517,454,503,474,549,372,632,393,452,550,392,622,505,615,619,615,609,611,371,487,431,384,398,462,271,704,399,332,411,444,536,367,686,638,703,519,553,620,283,636,537,711,656,400,504,515,441,502,377,441,529,320,555,587,724,603,628,542,416,500,585,631,560,432,609,584,423,480,622,547,481,732,423,499,470,426,616,524,441,545,593,641,525,406,697,456,380,580,451,591,583,508,463,563,605,698,505,498,519,668,735,564,575,404,551,509,469,457,559,504,507,660,659,541,447,594,517,523,516,591,657,441,472,598,493,535,605,549,289,569,591,641,448,204,465,425,592,441,376,600,432,517,339,466,525,532,486,418,288,418,440,587,655,628,566,361,506,673,617,580,372,369,417,391,336,457,606,593,551,772,409,734,486,305,452,579,563,476,389,704,491,439,495,534,506,583,490,289,418,639,655,495,494,495,591,524,491,549,578,578,708,628,455,656,562,488,495,606,567,688,548,580,655,519,721,542,573,469,518,439,577,433,385,498,638,438,564,374,434,646,519,395,610,491,332,545,493,630,399,575,562,527,610,639,508,331,520,601,689,527,249,519,576,653,575,624,431,396,568,609,455,459,482,452,650,556,487,591,513,557,687,583,481,473,641,621,671,518,611,288,567,535,634,482,579,365,347,393,596,533,439,432,410,469,287,327,534,451,496,451,339,577,489,391,560,620,480,390,511,575,356,560,638,717,476,527,564,547,483,418,438,400,461,571,529,607,652,668,498,505,660,269,472,743,463,620,369,623,590,627,364,349,621,432,488,425,402,483,537,503,418,477,354,594,857,666,538,638,571,382,568,416,421,435,615,546,446,359,825,472,577,406,534,323,394,582,498,646,291,532,399,664,539,537,558,489,329,429,403,545,477,371,391,662,373,437,412,331,402,486,369,529,460,341,581,635,540,303,368,521,360,433,399,467,640,592,484,465,411,461,494,482,531,463,545,574,426,430,635,678,551,542,506,595,440,483,493,455,416,585,485,578,568,569,652,663,496,622,467,563,403,482,377,416,482,326,509,519,557,449,524,334,400,396,425,476,475,583,583,551,390,558,621,384,529,566,440,517,606,638,622,422,391,438,613,534,585,529,432,485,725,575,527,685,508,466,692,480,399,460,561,428,468,566,548,697,622,580,488,445,451,397,574,543,454,497,363,387,460,465,704,606,440,374,434,441,413,542,348,499,560,635,555,548,565,340,481,766,429,453,524,560,420,530,524,452,346,644,521,375,558,619,619,415,625,348,454,499,423,476,641,380,478,511,434,490,503,539,451,636,517,581,672,499,505,521,515,553,438,543,506,521,479,645,628,482,589,584,517,526,414,495,411,577,481,792,570,352,547,543,417,425,467,376,579,580,481,582,598,573,691,505,582,614,546,472,495,552,437,572,444,540,477,671,594,574,588,587,463,507,533,479,277,639,564,586,604,591,362,580,460,545,446,620,459,569,600,503,414,429,379,573,577,503,680,448,617,621,716,415,557,491,507,576,574,647,456,514,363,734,406,476,590,534,506,425,602,536,371,642,489,494,632,380,526,522,588,624,586,609,563,692,366,613,525,364,475,523,558,343,359,582,572,539,374,515,551,376,312,459,579,641,397,301,576,473,609,537,568,548,371,508,809,409,529,689,496,591,297,419,293,401,502,679,284,663,684,600,481,536,710,510,487,470,504,545,279,618,621,514,487,411,574,572,519,509,489,375,677,546,447,405,555,370,581,440,476,509,409,517,531,457,494,577,633,502,565,436,579,604,500,432,513,414,596,331,339,533,416,472,403,496,611,438,357,494,410,452,500,363,423,600,519,284,440,551,546,453,429,525,572,348,399,475,627,530,619,447,396,485,588,343,463,534,621,422,792,530,350,485,417,636,455,640,386,459,425,467,507,403,680,635,646,679,632,608,365,240,632,473,452,383,472,405,585,510,486,803,675,674,427,590,470,339,639,464,359,391,388,499,537,571,467,489,390,524,415,533,515,687,529,571,383,511,548,459,393,534,598,305,579,477,573,550,484,451,449,486,376,644,529,468,501,458,486,332,471,403,547,653,775,332,417,591,490,403,386,483,436,350,579,476,640,399,510,551,376,571,402,508,423,460,461,656,455,584,434,584,496,680,499,458,594,590,488,529,436,443,486,641,387,416,355,556,620,503,316,628,414,409,365,392,529,587,516,280,481,582,726,504,364,446,729,422,591,467,657,596,545,583,390,563,451,642,580,444,457,446,594,508,556,580,548,602,577,519,427,566,470,500,587,361,627,524,630,485,458,344,384,420,555,646,658,601,408,547,529,731,481,595,529,460,359,542,574,715,527,546,498,485,389,642,614,670,431,527,371,419,496,552,453,486,423,350,497,821,512,587,502,536,332,617,418,417,501,613,599,680,461,401,492,611,373,548,679,647,505,743,524,614,529,551,465,595,604,842,489,237,528,593,626,380,247,452,464,431,439,536,550,513,693,604,369,609,712,358,576,630,564,434,638,755,635,345,573,353,713,386,408,405,433,403,398,481,412,545,444,307,634,548,494,544,370,358,552,482,385,607,427,465,329,445,519,526,511,620,530,487,529,690,555,545,560,500,352,400,513,549,435,427,458,463,615,497,352,719,318,582,512,639,470,530,428,504,495,325,216,440,410,528,602,452,452,621,369,689,334,594,331,361,504,575,528,417,587,622,560,519,487,588,444,596,483,420,368,473,428,512,455,616,613,515,496,629,292,654,448,618,529,512,576,409,448,477,639,599,419,485,506,554,494,550,496,471,366,705,420,490,511,493,622,398,512,433,552,420,474,376,510,337,475,621,421,339,631,519,447,511,767,459,435,427,369,539,503,491,527,642,534,493,380,502,589,568,646,676,793,389,523,518,485,580,766,555,630,584,354,542,601,592,531,393,480,403,536,698,564,412,498,537,634,447,462,682,565,553,502,543,443,536,527,414,552,558,659,428,483,448,504,497,566,651,713,393,666,705,497,311,600,616,447,424,541,368,500,535,562,432,448,498,449,663,685,640,475,485,396,484,438,513,674,495,444,444,310,680,679,503,402,689,459,569,438,463,540,591,468,371,489,462,550,495,497,558,431,356,694,585,459,579,652,439,492,456,690,467,505,540,595,523,556,616,514,499,716,585,527,552,562,510,454,511,536,615,556,598,455,400,566,426,590,508,471,396,419,390,567,473,477,440,452,598,568,639,604,609,444,268,682,515,371,487,600,532,418,460,437,532,700,445,536,403,571,444,566,572,339,614,455,509,531,538,516,528,547,558,650,563,570,499,241,550,495,408,468,514,470,432,362,450,679,417,525,352,445,438,423,436,446,667,414,621,649,588,419,487,579,522,474,644,497,499,508,458,391,500,547,354,388,599,534,576,451,369,652,383,757,705,457,455,528,590,371,392,637,520,547,452,582,581,511,464,448,716,449,501,419,319,563,579,362,432,557,573,671,400,662,364,695,676,502,634,566,521,443,520,482,470,555,443,454,608,566,620,398,374,508,459,410,507,531,696,563,482,479,620,457,437,562,559,608,601,517,524,510,700,534,462,690,299,611,461,376,515,588,536,615,421,435,598,518,611,650,614,451,372,486,579,676,406,572,628,465,680,409,549,700,359,425,498,619,461,386,579,519,396,473,503,568,474,499,673,521,592,512,625,502,501,493,459,575,498,507,218,575,627,499,412,502,466,539,483,597,554,495,670,586,469,425,698,357,422,386,559,505,359,540,431,427,490,540,785,520,591,353,664,481,327,536,645,590,247,530,529,469,398,607,440,556,706,593,538,273,487,509,538,657,504,561,449,522,648,624,440,431,433,487,643,572,541,428,384,384,543,536,551,628,535,403,481,621,515,558,603,595,442,477,635,432,532,480,403,572,477,344,456,380,518,425,419,620,435,408,595,433,592,316,682,649,464,542,527,556,618,377,463,368,437,477,502,473,467,376,412,622,566,416,462,356,480,576,512,387,564,479,334,568,600,578,459,435,609,622,452,662,483,534,742,505,480,869,393,584,480,509,563,529,411,645,650,435,322,439,312,612,463,622,591,420,393,481,585,575,548,623,518,483,565,384,627,456,473,524,543,525,496,573,549,485,551,598,480,551,537,621,476,456,742,600,646,444,403,627,460,491,457,553,533,665,702,578,577,540,648,491,335,478,403,608,360,595,454,548,525,353,485,515,707,403,611,664,352,633,557,472,388,404,631,680,360,507,539,494,675,635,385,580,483,542,639,461,583,491,408,645,493,396,412,366,387,441,479,392,590,522,531,600,550,556,538,463,409,494,475,392,429,533,687,560,417,664,461,341,647,447,575,401,441,447,395,432,526,545,496,567,444,639,327,527,455,511,356,451,531,456,521,540,571,605,388,496,501,447,485,552,430,508,589,473,454,448,451,513,352,626,560,469,623,740,582,662,561,540,628,529,423,516,403,523,508,636,353,384,374,612,414,537,297,472,336,432,463,524,476,390,622,488,732,405,477,566,623,469,363,424,459,468,591,483,530,523,408,677,427,484,644,638,707,472,685,502,509,188,671,328,550,379,465,513,579,477,666,436,630,672,323,313,450,634,514,478,516,390,486,648,583,645,412,515,587,506,449,489,635,561,330,551,710,522,424,446,326,460,583,666,536,558,367,636,687,616,473,459,529,382,564,682,583,495,463,529,470,330,387,358,491,396,624,526,508,361,572,787,462,428,566,527,402,568,570,359,505,360,573,347,494,338,437,667,372,590,425,368,383,486,632,290,511,661,376,620,421,406,429,554,425,383,754,702,304,588,664,366,382,485,523,328,471,463,564,494,448,359,524,458,397,377,438,407,544,532,533,426,444,552,677,633,488,498,454,407,391,532,394,399,689,467,319,523,487,442,604,645,454,422,492,539,505,361,627,637,399,461,475,358,561,500,423,556,616,408,395,584,499,568,482,337,520,610,444,566,630,499,464,291,398,682,388,599,683,608,419,571,500,395,556,467,700,438,538,495,539,573,378,479,464,525,368,588,472,360,347,539,391,355,393,500,507,457,359,632,389,546,551,451,544,601,339,423,574,546,534,492,431,527,651,455,470,552,531,438,395,283,511,514,402,399,447,497,553,415,494,494,534,420,246,360,602,561,494,451,551,450,640,405,744,530,583,655,351,565,538,586,353,446,420,620,433,464,463,448,615,421,447,468,497,519,543,446,411,470,689,553,292,460,612,597,439,427,499,507,427,678,577,510,496,583,616,403,579,636,525,683,487,494,449,357,548,411,617,420,699,570,448,428,547,626,427,519,544,572,583,503,487,384,459,488,350,638,367,685,814,559,529,573,602,540,431,508,452,640,515,359,487,540,568,500,415,513,678,448,610,451,476,755,636,372,556,304,615,545,542,481,551,435,476,230,492,415,516,513,469,543,583,441,546,395,526,673,529,591,429,500,428,310,276,463,529,609,364,396,578,519,455,559,540,348,508,475,519,445,506,536,510,543,679,548,475,563,585,439,526,585,657,551,483,641,476,595,464,551,202,671,474,463,497,391,483,647,505,670,413,593,571,470,481,552,343,535,551,585,598,468,498,358,592,451,591,345,594,420,414,580,343,469,494,606,429,469,600,608,351,637,476,478,510,486,384,478,469,622,569,466,372,649,430,599,480,567,309,534,465,693,486,479,388,584,538,582,542,577,398,595,638,577,517,630,694,493,473,532,726,527,669,655,458,753,427,447,571,421,556,541,362,460,427,705,519,492,407,438,593,511,564,442,623,427,481,666,543,629,688,567,379,506,506,431,610,356,692,558,535,621,560,328,547,456,335,484,531,401,600,425,394,438,608,567,460,598,691,455,381,574,484,395,271,412,417,600,486,443,517,678,486,543,445,465,626,536,423,588,607,530,594,296,503,597,460,587,443,438,356,462,612,379,384,593,636,616,639,541,531,334,308,503,408,777,560,580,270,557,711,525,599,304,457,478,562,441,743,439,539,579,463,436,653,354,455,492,590,478,417,595,289,585,640,562,553,431,467,484,311,513,449,582,579,565,601,403,511,460,425,500,411,538,617,499,401,553,607,547,515,446,722,535,627,638,406,547,662,539,529,608,321,721,430,451,739,662,598,446,451,440,638,393,440,294,414,413,496,370,435,539,560,587,563,428,440,604,263,516,584,589,566,563,519,643,619,627,600,434,777,625,560,398,572,465,272,476,391,449,641,524,337,547,550,329,469,456,332,601,660,643,589,540,529,586,635,357,600,535,462,443,465,391,530,552,432,462,636,326,377,529,610,398,386,526,599,681,579,529,681,484,386,547,540,460,487,327,698,518,622,394,366,527,488,547,677,529,427,580,636,387,383,496,359,565,317,715,597,402,401,566,502,502,664,743,341,591,625,462,524,568,589,463,632,713,201,444,369,468,612,419,258,577,468,289,424,527,655,414,425,423,449,600,519,614,463,472,414,532,532,550,671,684,454,455,570,415,565,408,339,626,544,337,444,511,547,420,524,545,582,562,575,433,421,643,534,536,537,536,455,436,815,438,340,493,498,593,528,542,540,463,344,273,629,695,473,533,423,380,564,432,451,540,618,680,584,513,553,561,440,628,487,487,419,340,523,396,566,449,423,523,449,551,561,607,340,464,579,393,557,414,477,489,589,294,557,632,487,545,609,305,499,494,576,572,674,514,274,632,489,370,412,420,562,524,526,381,368,722,600,443,717,329,327,571,508,423,447,463,391,366,580,632,467,368,523,547,435,564,492,378,751,527,367,609,458,474,437,601,655,624,492,385,523,666,618,502,453,372,346,516,534,438,699,491,624,382,662,391,684,411,408,514,615,583,739,523,649,364,498,580,539,637,668,571,482,329,504,529,532,363,563,367,670,679,570,509,580,315,389,645,406,466,408,429,626,542,382,423,611,513,440,454,583,683,339,442,537,590,476,499,430,537,580,553,536,577,726,456,429,482,385,660,566,540,423,576,399,472,483,496,425,551,591,469,326,579,348,663,445,631,424,587,689,512,469,499,606,344,628,551,456,513,531,472,613,533,418,352,445,394,563,531,455,395,488,484,582,409,461,506,482,456,634,396,451,627,582,699,609,441,488,552,462,690,584,451,496,573,618,479,573,389,453,553,522,440,459,476,565,451,508,550,585,570,490,756,328,323,400,291,429,623,582,670,607,627,407,467,567,635,520,614,563,543,456,567,493,436,529,682,674,543,535,642,432,476,564,427,583,466,495,550,576,535,382,530,261,521,523,492,499,542,389,313,508,612,556,601,554,434,629,449,366,414,675,700,353,606,562,304,357,486,289,493,673,359,528,310,467,439,578,469,490,520,350,508,406,630,651,252,474,412,705,541,293,593,406,535,615,487,403,442,576,528,503,615,552,434,455,455,624,628,403,404,423,437,469,346,465,437,484,422,608,560,547,596,412,588,625,404,527,436,554,526,611,440,420,504,427,519,384,550,547,409,574,630,596,462,611,344,624,683,513,608,643,335,633,585,573,415,477,683,442,370,700,448,481,300,665,487,495,632,540,595,639,404,599,515,695,491,521,755,615,568,403,547,543,549,461,459,669,602,265,340,607,470,703,585,775,490,394,555,530,399,457,639,648,472,782,596,634,315,538,574,498,407,551,527,589,340,608,667,576,368,527,460,558,563,362,563,345,566,423,398,633,556,481,441,727,263,608,435,385,538,626,697,508,543,567,322,499,462,456,676,453,573,483,547,508,456,481,466,273,556,568,566,483,553,492,548,566,527,476,434,557,648,455,511,617,455,482,583,580,486,482,555,457,499,336,440,692,294,476,633,579,369,387,686,497,511,487,353,463,601,496,478,673,681,549,536,623,619,574,686,557,537,866,344,489,453,486,535,470,270,449,511,295,569,416,459,403,599,382,694,574,518,585,361,455,566,536,770,708,590,499,363,444,479,432,479,302,632,322,641,547,608,559,467,639,459,423,468,360,471,457,552,732,448,349,462,699,450,548,370,473,459,404,255,427,565,366,512,589,308,460,539,624,590,438,434,537,631,474,629,691,441,683,740,571,429,552,453,737,479,395,632,487,562,457,511,502,450,456,539,567,659,486,500,388,636,511,502,568,642,520,394,406,524,538,555,496,559,465,529,638,740,480,431,568,504,459,541,469,394,568,471,695,480,315,483,480,478,475,353,363,559,571,494,598,665,457,616,443,590,482,585,548,681,573,634,586,472,446,371,386,605,582,655,544,523,515,532,425,665,464,685,547,383,591,532,606,529,654,569,415,603,549,485,473,456,384,613,490,380,474,463,509,509,508,574,621,732,498,548,448,421,406,371,457,643,531,573,384,573,398,510,556,574,596,421,378,505,526,480,538,458,520,470,373,646,592,548,502,529,607,565,511,627,417,432,490,426,413,504,567,524,553,571,430,566,529,295,654,713,435,364,525,603,511,568,496,480,535,574,690,403,488,381,569,487,440,510,521,430,282,353,502,428,678,471,343,565,412,403,595,482,515,428,404,235,612,427,502,431,557,492,551,503,494,499,547,531,454,637,536,444,539,479,537,319,556,405,331,335,632,503,750,427,516,350,591,409,540,524,408,384,435,563,520,356,532,649,526,534,654,587,412,478,580,574,364,354,452,573,573,551,370,564,390,727,453,631,487,333,543,491,538,572,647,477,564,384,532,400,436,599,352,428,423,208,688,483,488,624,638,235,632,593,707,539,437,408,544,400,627,555,722,448,343,580,644,473,681,440,488,628,468,459,537,603,642,502,361,486,556,645,537,333,403,654,545,451,600,472,582,453,604,367,729,452,486,486,520,499,339,536,355,343,505,561,494,651,608,712,633,504,615,464,748,547,604,582,373,690,503,528,520,455,565,325,518,591,616,482,620,476,645,477,361,404,470,536,441,604,570,536,609,473,380,474,497,417,355,335,367,662,494,715,561,391,383,383,491,517,667,384,246,437,347,690,531,524,606,497,594,611,648,316,480,493,532,338,503,671,641,511,466,474,507,492,489,485,472,391,467,579,632,377,523,473,505,415,520,362,579,463,344,568,493,406,350,360,651,480,596,547,501,497,695,460,487,605,656,568,316,412,568,488,446,404,690,526,684,582,650,329,422,561,575,547,542,219,612,496,560,513,365,338,430,478,729,535,702,357,568,281,472,387,631,376,543,577,516,363,582,636,492,547,560,685,518,370,583,486,521,530,647,496,386,410,475,461,461,375,559,628,587,486,659,526,582,669,445,616,514,500,319,443,587,511,540,571,598,477,489,491,477,481,518,727,467,569,535,273,376,337,398,678,534,449,491,328,423,420,535,506,389,420,571,696,307,332,615,547,673,641,552,424,393,286,484,566,451,593,572,473,500,390,521,368,452,658,604,382,418,439,569,522,638,584,487,524,612,540,501,510,554,492,390,542,387,478,472,430,703,238,370,487,617,558,368,431,438,548,292,589,492,614,465,720,443,493,688,485,408,473,312,540,365,396,639,406,342,669,632,604,623,503,588,615,316,596,495,593,438,551,409,629,495,538,463,491,448,396,442,525,619,517,598,302,428,375,487,362,443,588,473,550,367,478,483,624,668,421,519,634,552,308,321,527,593,539,517,537,433,536,430,523,435,612,391,588,551,570,437,464,389,356,513,668,377,499,610,459,559,465,648,450,558,879,553,496,302,441,576,534,439,657,406,450,589,571,585,543,515,560,197,591,499,435,462,607,585,618,463,659,477,340,560,661,678,380,439,501,623,441,559,391,588,466,400,497,606,559,545,641,455,524,654,492,525,507,454,606,350,655,439,623,363,583,608,513,415,472,593,543,626,491,403,494,624,374,359,410,707,513,755,681,498,532,624,440,440,609,554,630,527,547,425,586,484,814,448,732,277,556,455,522,435,557,601,495,446,544,557,463,390,604,634,499,592,693,651,467,500,528,436,590,516,533,480,800,638,302,522,626,459,491,677,573,413,581,564,355,574,750,453,534,471,688,434,632,298,473,558,383,680,442,610,333,553,446,565,519,672,451,473,707,489,476,449,684,609,579,463,450,623,612,624,621,744,545,357,599,574,775,538,665,524,512,464,433,629,498,457,534,663,409,388,553,536,460,416,588,615,647,607,724,312,563,453,418,633,590,538,463,364,369,340,524,670,508,542,459,485,387,519,550,408,577,492,496,508,421,519,379,543,495,637,410,548,537,556,579,383,587,308,467,459,503,626,427,599,267,628,671,412,400,578,318,646,485,772,475,441,385,543,485,454,598,610,461,516,336,422,454,614,516,466,611,364,435,471,536,495,480,474,446,449,608,631,438,477,559,401,455,412,571,460,518,575,263,431,534,428,548,452,495,597,587,418,701,455,547,481,556,432,582,466,376,463,609,626,534,487,503,428,478,481,400,470,662,403,473,334,557,543,454,392,458,474,405,589,539,638,415,317,454,585,432,465,371,368,457,484,481,543,514,718,590,510,487,425,492,545,451,499,781,483,626,430,615,812,475,708,603,482,577,398,404,556,615,419,291,457,539,602,553,297,488,710,595,339,641,536,600,516,494,350,551,442,424,432,535,303,509,429,638,533,459,409,420,272,384,739,551,480,555,587,536,456,468,456,618,540,542,517,483,428,488,526,496,654,420,546,557,567,386,510,555,508,443,563,439,322,655,651,611,411,350,593,462,614,624,670,668,510,356,440,627,542,643,455,663,496,473,479,510,409,473,563,644,370,478,523,463,628,437,487,565,460,558,568,494,429,512,486,454,477,477,525,617,593,487,512,521,444,512,538,504,473,398,477,269,593,592,574,781,462,584,383,500,477,554,543,513,449,624,716,610,299,671,612,612,388,435,532,358,312,398,435,629,506,325,611,593,457,619,667,763,526,493,570,554,616,522,263,549,423,561,524,448,527,584,646,327,368,313,527,550,465,380,460,555,533,559,364,639,411,587,418,421,317,611,537,568,478,444,359,334,469,423,484,492,470,361,569,381,480,560,329,391,379,339,698,296,540,584,459,511,606,681,459,620,469,552,391,479,387,494,582,469,598,583,612,486,587,462,624,475,584,497,426,534,579,628,482,364,395,540,580,487,500,560,353,510,872,576,444,429,436,457,637,330,698,391,669,719,468,531,372,655,737,482,538,453,522,518,263,364,425,504,617,637,522,540,560,644,392,599,582,311,406,621,320,398,528,510,557,560,407,459,372,327,425,576,591,526,442,407,535,599,582,352,429,426,754,508,530,576,384,654,602,409,544,499,315,523,505,455,660,325,493,349,434,600,420,428,448,469,508,490,471,455,414,487,512,449,355,681,352,396,590,521,448,401,560,500,529,527,681,481,445,254,475,469,550,614,479,462,631,556,470,429,534,517,388,573,387,385,562,487,262,560,530,527,537,634,580,715,564,320,487,715,436,458,514,580,598,487,432,384,523,604,504,480,430,583,397,520,496,630,607,542,537,473,622,637,486,514,368,619,470,675,716,448,561,568,415,604,466,658,494,581,548,643,400,622,522,487,593,528,771,424,517,456,440,551,735,665,597,607,480,517,793,432,521,414,604,464,561,440,476,424,419,463,331,447,457,371,571,484,567,411,572,639,319,521,609,499,326,419,504,727,330,606,541,603,541,556,324,418,592,513,386,607,501,558,549,492,567,558,465,455,465,673,557,469,436,555,460,598,579,603,527,471,438,687,461,618,620,541,566,294,564,651,579,526,460,519,463,599,614,475,467,504,613,564,299,383,508,668,435,590,580,731,548,521,524,504,644,611,633,504,482,572,543,549,636,494,502,500,544,346,581,628,499,505,485,598,566,570,432,458,471,645,570,487,633,659,574,410,714,590,539,426,387,594,484,387,536,348,540,526,558,625,559,650,495,351,793,578,553,494,556,490,534,584,668,649,607,639,446,564,288,504,494,372,471,539,428,455,456,467,449,457,462,414,348,557,588,433,480,765,536,366,553,550,331,333,349,574,638,545,493,710,435,483,502,292,501,506,671,655,460,484,417,716,500,323,755,563,509,367,680,268,786,524,490,540,545,594,401,364,423,365,578,571,449,354,435,516,558,604,244,516,590,771,472,623,452,524,404,454,416,442,537,349,391,522,358,639,531,339,649,414,538,337,555,517,623,602,710,591,444,460,454,393,484,497,498,546,562,341,577,397,422,578,527,522,483,455,528,492,493,533,568,583,459,631,405,439,480,694,559,618,603,658,382,453,448,490,462,683,432,561,483,529,436,325,388,462,499,372,465,539,558,606,505,310,653,584,646,677,401,434,506,538,599,467,503,606,349,633,455,413,485,546,519,508,549,551,317,369,433,529,444,569,394,512,585,546,464,699,581,564,605,623,545,493,583,413,483,685,471,268,615,637,467,640,529,435,441,415,638,686,648,617,340,511,539,556,560,609,572,596,437,560,543,474,596,421,506,597,400,463,519,653,490,591,487,515,485,382,385,456,499,335,526,503,254,454,334,385,673,678,501,638,536,331,537,558,467,347,421,574,579,519,571,647,482,647,497,540,428,566,582,464,514,340,472,553,558,469,536,560,542,439,446,397,448,552,520,655,571,552,392,631,455,693,660,508,368,461,445,363,426,478,519,451,497,511,379,630,721,442,636,383,564,530,471,711,415,561,630,476,574,268,530,448,470,368,318,557,607,476,766,588,462,540,586,590,496,526,512,390,511,558,507,660,472,463,432,566,448,467,543,682,712,509,581,529,677,525,443,599,607,481,601,441,529,497,567,342,598,506,556,696,345,539,685,689,568,514,632,585,579,513,512,464,512,459,609,630,596,368,352,445,515,577,577,408,602,417,403,487,620,413,531,449,433,566,716,465,521,559,748,388,448,400,515,401,499,535,694,371,615,371,262,366,474,490,402,671,551,568,672,438,571,618,466,575,631,622,676,575,461,368,630,324,574,592,620,499,604,678,483,377,473,601,581,564,475,606,384,382,910,279,548,515,562,696,414,329,504,394,688,515,585,533,510,370,339,446,415,394,455,617,556,441,600,646,301,651,692,419,451,578,480,514,625,622,615,392,602,542,600,566,395,583,619,504,534,400,479,454,554,594,573,459,713,694,542,514,620,482,529,474,515,639,689,469,572,340,815,454,620,420,482,480,678,371,498,422,414,385,482,419,309,588,536,449,513,657,551,616,410,521,578,386,615,547,438,486,548,552,535,557,420,614,507,513,652,555,518,372,452,501,461,529,604,535,564,332,553,668,499,501,537,623,438,585,528,415,720,606,561,414,601,278,548,518,513,559,545,380,566,398,369,435,522,468,407,396,524,505,485,564,508,487,516,440,297,554,532,844,416,573,622,563,517,481,609,538,373,589,557,554,576,536,496,526,252,561,617,804,460,492,708,541,624,570,360,391,626,581,552,397,375,564,547,590,371,425,403,533,454,487,504,599,399,684,464,710,647,460,687,497,645,481,482,462,595,587,332,607,438,551,495,305,499,502,315,588,467,514,473,401,815,606,341,419,416,443,327,577,562,593,462,683,423,474,549,518,491,419,767,525,519,627,489,657,564,601,534,547,580,556,515,555,620,546,455,537,489,446,426,438,616,328,391,255,428,748,577,511,589,430,607,489,422,766,444,514,404,455,503,433,647,530,749,606,737,510,608,691,353,593,627,529,567,522,467,464,367,547,436,505,648,543,422,494,601,438,540,625,530,547,512,471,487,546,452,499,495,458,447,461,446,323,679,591,609,290,641,489,405,582,573,497,574,556,710,498,364,416,505,536,460,329,698,747,531,575,286,378,474,671,508,453,521,371,356,584,525,446,415,535,581,487,481,646,448,606,584,436,439,384,458,609,607,564,707,600,653,518,360,472,481,612,655,475,649,272,483,437,489,418,451,439,639,611,487,596,339,695,556,455,582,357,645,355,385,379,511,428,474,447,667,719,367,624,415,395,386,448,323,383,560,531,542,583,455,463,188,531,332,259,417,417,542,389,687,501,610,548,547,523,667,521,426,328,389,487,557,682,388,484,515,546,304,348,467,703,627,475,601,543,353,387,433,547,582,548,536,437,491,522,511,591,586,409,621,380,452,583,431,303,492,434,528,440,333,467,568,470,627,414,471,578,587,540,569,588,699,568,492,395,537,408,558,499,451,627,470,532,543,563,661,433,582,697,512,607,622,525,609,377,683,688,351,481,591,673,578,519,577,487,598,644,539,435,371,444,472,377,684,579,648,265,487,409,663,358,621,449,608,766,764,427,474,704,668,401,564,466,595,545,530,529,504,508,482,498,538,510,623,567,637,414,321,508,638,395,427,759,488,514,418,508,562,416,699,639,638,583,596,440,627,620,478,462,565,453,707,481,563,562,390,328,449,582,502,607,493,575,396,792,609,529,672,568,563,407,393,651,622,300,646,476,509,649,374,522,358,422,584,272,388,611,470,376,473,716,583,643,455,602,484,385,505,542,399,512,616,695,500,561,547,390,442,499,414,384,536,445,583,384,536,592,565,547,565,571,558,354,553,443,692,492,471,453,631,464,515,634,706,538,567,470,543,590,307,345,382,461,697,674,322,443,387,504,555,636,606,502,714,504,467,539,382,603,565,462,471,492,561,525,455,367,463,458,454,432,514,362,597,490,602,429,636,611,321,524,711,410,573,765,646,431,541,619,360,540,541,531,517,541,425,332,586,410,497,546,502,454,673,600,710,382,598,540,471,505,491,493,536,403,571,547,539,461,462,435,404,381,462,495,536,540,487,355,567,507,603,439,352,387,444,589,457,496,516,566,504,510,537,452,539,639,415,542,457,470,405,470,578,621,350,578,575,535,428,711,531,543,461,563,520,614,521,604,525,499,590,551,604,452,566,534,373,459,489,511,539,560,476,534,454,358,430,450,637,681,376,513,375,406,518,750,498,657,301,542,503,678,534,521,466,459,354,546,671,658,333,450,426,386,743,483,518,594,618,664,664,480,569,426,483,571,606,508,436,662,538,337,427,551,394,596,477,477,419,517,583,466,440,526,359,384,491,458,519,523,536,575,640,511,557,525,520,539,600,409,465,777,687,572,729,377,685,505,485,399,455,615,513,559,344,402,363,447,432,352,499,452,548,538,456,608,325,465,577,468,515,513,460,366,339,503,364,542,392,484,604,707,596,391,467,627,620,240,442,596,582,376,500,545,502,566,487,484,476,338,463,504,535,654,626,386,520,523,505,490,543,496,580,379,438,558,481,527,475,460,622,676,620,570,606,527,497,509,624,611,389,492,349,519,453,455,515,543,731,538,440,504,439,380,782,551,622,629,457,773,569,420,444,469,452,612,481,403,499,596,643,596,300,443,318,486,574,648,563,511,716,642,589,433,443,416,587,514,720,602,481,413,485,545,359,218,413,583,590,545,613,513,423,472,524,543,482,417,399,556,435,420,499,560,336,554,430,454,549,459,489,551,615,477,502,518,613,603,422,413,495,451,637,467,411,527,620,437,384,415,523,609,519,757,615,395,437,477,539,639,421,661,410,520,544,524,550,492,485,689,494,658,609,567,534,609,385,360,414,476,639,573,598,615,628,593,395,663,648,491,530,492,536,508,239,460,484,393,413,553,545,311,491,536,391,437,565,487,572,556,691,445,434,309,446,417,515,403,531,415,595,250,463,665,662,700,403,547,534,317,649,414,490,691,376,638,392,601,479,556,570,703,722,440,600,531,688,512,291,622,633,527,546,598,505,492,494,657,368,428,456,446,762,429,460,420,376,612,475,563,502,506,425,406,536,535,628,653,572,388,485,509,654,452,509,558,713,723,472,438,451,542,318,540,440,507,529,438,547,625,649,444,532,495,382,572,476,503,575,445,512,435,523,621,446,543,582,420,521,431,490,487,412,462,597,545,358,583,675,304,393,599,628,395,500,505,655,438,492,461,422,472,509,459,425,553,510,548,355,615,561,308,488,440,404,511,562,592,379,642,636,519,307,395,600,489,560,586,589,563,567,793,496,581,438,571,487,329,356,333,631,486,544,444,419,552,572,606,364,560,448,406,523,540,568,395,621,422,619,681,524,538,435,559,549,343,526,534,407,520,338,632,426,672,524,376,476,641,531,518,498,608,609,541,460,396,512,454,210,649,787,605,510,438,397,598,410,512,478,565,412,490,485,564,334,473,440,451,484,694,305,409,517,653,495,453,498,789,678,536,526,392,444,336,461,423,579,501,575,378,755,582,542,513,584,490,528,550,298,413,365,247,900,452,514,529,547,384,613,651,515,559,499,488,569,482,435,555,561,398,395,568,394,367,525,374,588,590,572,448,504,545,626,554,569,564,632,524,632,520,263,549,481,605,637,637,340,443,394,290,580,631,582,490,391,406,474,526,495,536,655,437,323,399,245,436,329,446,487,406,300,540,420,544,582,548,387,575,487,648,651,479,516,548,758,484,547,519,496,509,670,522,495,644,531,592,448,795,837,639,484,538,756,425,515,380,454,432,504,595,370,412,590,492,415,656,364,381,723,614,540,766,555,432,492,447,479,523,480,501,441,411,531,416,613,602,515,194,448,518,379,527,603,403,497,387,449,579,670,550,586,507,454,566,347,678,632,576,408,380,586,496,650,564,620,547,332,560,379,487,629,477,354,533,518,495,583,595,428,516,627,550,584,546,466,454,500,621,604,480,504,580,450,547,471,433,529,393,639,438,673,560,391,683,479,509,603,526,358,414,444,544,312,467,354,492,652,609,566,319,611,492,498,348,651,491,530,653,671,471,398,611,556,587,597,487,561,712,547,632,707,571,524,481,561,571,503,519,472,508,323,422,733,434,478,484,479,628,524,454,622,438,575,505,516,664,465,647,623,201,312,444,558,428,611,502,523,647,391,520,570,521,521,547,424,459,639,632,568,416,593,491,588,498,543,625,637,553,635,689,557,428,607,587,518,468,367,633,572,564,568,501,483,319,509,358,598,323,344,597,590,452,535,400,456,491,390,606,586,437,456,552,313,472,519,570,456,622,433,524,651,507,595,574,730,551,553,512,583,465,490,596,573,508,474,570,516,496,655,567,480,384,536,471,435,608,534,657,411,410,649,665,260,492,484,541,508,590,724,504,696,412,537,549,440,498,466,326,456,524,550,446,582,609,385,583,566,447,584,591,645,650,583,434,332,312,560,513,556,589,421,429,579,632,484,500,601,334,422,534,497,519,455,455,551,356,551,542,502,502,652,387,491,603,622,368,391,515,503,623,453,460,412,429,350,469,518,432,428,419,728,529,564,463,380,547,576,517,529,729,483,588,281,575,607,579,371,556,366,295,477,550,567,439,508,470,498,486,599,624,510,593,443,591,300,470,519,465,470,668,575,419,695,374,297,395,416,499,376,720,615,652,505,536,452,431,556,451,385,575,385,376,569,461,536,700,392,396,547,496,524,605,428,615,503,829,614,479,360,422,412,249,565,547,425,446,599,519,396,615,348,521,638,591,657,540,608,548,570,337,565,355,392,371,482,551,447,460,624,519,490,336,560,517,485,630,543,508,421,386,549,606,359,651,500,531,476,655,428,624,487,302,408,615,575,531,539,633,518,373,543,408,542,632,647,564,548,658,527,341,714,422,514,721,351,579,506,480,503,412,407,527,529,554,543,433,411,547,443,386,735,425,480,493,640,381,297,421,536,738,332,568,595,463,455,516,385,531,549,588,505,514,425,535,427,435,470,384,460,417,434,337,464,559,428,570,361,521,489,539,627,594,590,436,342,839,504,480,555,598,466,447,473,652,574,615,622,583,413,519,504,624,370,515,672,482,397,580,527,388,669,407,540,562,541,541,590,474,472,672,568,444,599,461,454,635,531,529,489,354,400,550,512,384,559,367,430,598,551,466,447,716,659,469,573,529,433,318,543,478,455,602,559,356,575,455,558,353,491,413,380,451,516,404,740,320,575,550,506,618,377,563,720,505,289,472,484,448,463,448,611,507,807,333,547,573,639,397,529,380,573,665,548,536,290,399,359,411,516,683,349,517,604,651,910,516,606,410,525,364,496,390,422,585,437,469,504,608,485,497,474,631,422,467,546,404,491,423,627,326,660,376,540,442,553,549,397,438,544,664,730,457,624,551,632,471,424,550,551,391,584,583,456,574,406,458,468,608,643,728,699,428,268,640,322,505,652,500,348,455,619,682,558,455,590,636,388,407,539,564,437,534,451,508,704,438,407,290,683,682,412,571,491,407,564,504,540,589,478,588,678,567,477,476,359,448,524,424,462,643,520,381,552,319,809,702,383,344,551,351,440,519,499,410,540,387,656,653,616,583,548,373,482,373,589,671,564,512,546,573,586,560,481,285,556,499,528,779,427,333,643,739,493,341,507,260,459,450,401,547,531,500,402,246,845,443,550,536,427,411,445,462,507,713,406,434,536,575,505,341,639,382,564,332,460,611,633,420,626,428,623,333,568,303,509,480,527,412,318,499,548,692,588,528,469,371,676,463,334,560,496,485,610,352,479,660,499,451,454,490,504,458,443,678,531,325,466,609,570,408,568,371,494,659,581,533,366,560,391,717,644,606,373,483,524,508,472,398,519,449,610,502,535,439,391,438,527,345,615,425,525,459,620,789,354,657,626,484,577,317,551,334,411,577,449,515,586,404,406,621,599,690,388,438,646,543,464,418,455,426,313,620,679,386,634,362,523,466,430,577,651,583,627,459,592,650,485,458,577,545,621,559,602,421,621,468,532,480,609,615,531,588,519,395,501,477,612,504,516,575,388,575,397,383,489,513,596,454,480,599,398,766,543,558,216,615,541,587,446,486,485,652,622,462,601,514,495,475,488,469,525,416,466,552,405,496,383,462,523,588,475,590,528,512,451,573,445,428,542,324,419,407,391,268,477,563,499,379,436,629,619,501,428,478,577,377,469,450,557,578,643,586,485,400,422,632,606,558,638,659,413,476,500,424,546,639,378,630,440,588,478,266,399,597,463,390,436,285,478,540,550,536,401,459,594,463,539,643,535,487,492,679,521,579,467,720,453,456,399,604,486,644,716,278,519,614,356,525,531,300,550,575,579,472,646,496,500,371,462,647,423,454,260,391,522,621,439,451,503,488,619,585,529,218,305,645,476,511,555,552,601,643,487,573,595,532,546,650,596,632,678,476,604,345,435,554,361,617,509,469,443,381,354,448,617,531,573,569,646,357,476,682,415,491,636,493,391,429,373,562,415,484,503,551,462,518,617,451,561,442,541,326,456,486,408,545,574,472,647,566,347,421,459,363,611,565,318,508,426,580,461,594,560,607,563,429,309,374,480,531,504,472,410,606,689,591,677,673,391,600,524,541,468,613,542,485,586,480,594,560,557,521,325,584,504,665,455,420,604,553,596,542,623,475,551,515,577,338,469,542,387,546,586,572,498,525,452,560,355,534,366,564,498,297,612,808,609,473,364,502,604,537,787,563,615,400,649,306,494,790,694,327,375,391,771,717,630,374,471,549,641,314,600,575,452,635,715,491,552,393,580,400,584,454,607,396,633,339,274,425,571,454,481,642,395,423,548,480,545,583,443,487,453,526,511,591,481,550,487,595,550,417,566,651,505,467,576,364,621,367,413,674,386,610,502,573,472,567,691,477,588,300,457,539,321,534,712,660,423,432,620,612,527,494,446,540,694,535,658,416,502,552,627,369,488,737,325,525,416,467,376,592,429,693,573,530,367,423,660,482,472,504,639,575,493,502,456,400,708,444,411,489,382,639,584,531,381,480,465,467,502,399,412,462,459,453,451,609,535,436,534,524,561,421,519,403,432,517,487,793,492,557,592,596,608,631,475,430,530,614,516,607,536,462,518,570,573,624,737,463,621,462,524,571,364,440,448,611,575,635,439,404,359,376,608,723,483,484,544,513,617,416,396,370,479,711,626,388,453,517,462,560,389,446,507,379,600,607,398,459,659,429,369,422,641,446,384,527,406,510,567,355,365,346,609,644,540,670,763,231,446,563,627,478,396,494,426,434,374,640,590,600,558,419,554,327,306,552,375,600,518,551,358,592,491,453,416,488,431,536,420,434,526,633,511,403,664,397,480,516,638,435,664,565,668,606,683,473,673,564,567,508,606,384,649,492,562,614,451,462,335,528,399,361,442,458,659,436,513,541,553,496,558,606,354,408,619,425,483,344,709,521,350,640,447,497,452,561,752,567,545,423,597,552,454,533,691,446,547,603,447,662,275,348,513,524,603,529,443,424,478,547,630,601,523,662,571,435,551,506,533,442,616,619,655,461,456,582,485,603,462,600,577,617,329,396,582,410,531,410,550,470,320,483,369,469,465,477,504,575,619,584,471,432,345,361,547,452,592,496,627,360,529,617,502,564,555,510,550,619,352,442,675,408,521,563,491,636,507,471,542,318,423,487,428,533,630,417,455,457,535,541,387,552,426,472,684,540,549,486,413,527,491,376,456,425,504,575,397,573,538,618,424,515,495,515,527,643,492,554,458,500,435,349,473,658,747,583,713,560,632,525,521,615,529,453,481,350,624,519,568,339,646,541,617,325,502,452,631,602,477,545,596,552,508,462,731,523,604,538,351,370,627,412,564,620,448,506,566,668,588,454,664,540,524,395,428,524,622,558,591,643,595,514,540,351,520,476,569,533,583,494,462,425,372,407,445,395,201,520,567,341,470,615,387,290,273,650,717,442,420,647,437,528,720,630,334,577,332,588,561,412,628,688,464,465,445,514,510,501,516,347,540,471,458,581,693,512,567,501,614,404,573,574,539,662,516,483,510,725,434,480,595,557,463,364,456,386,659,541,547,675,551,397,500,420,514,627,505,332,779,564,591,356,577,451,415,485,509,490,551,454,680,368,395,371,394,283,431,631,296,655,568,657,442,457,359,604,338,705,485,528,544,302,291,612,511,479,527,593,656,633,514,556,345,426,573,467,450,372,453,532,460,586,605,662,298,482,397,721,331,669,611,705,651,355,482,389,483,366,525,698,571,530,598,298,439,569,622,663,592,393,561,556,655,680,312,441,504,568,440,357,432,470,452,501,485,388,553,575,642,564,489,446,462,412,519,530,511,365,394,332,371,720,625,319,491,597,454,425,476,637,419,563,361,562,579,428,363,620,608,419,670,627,624,519,615,602,453,695,508,518,739,446,702,489,473,584,395,382,384,313,591,524,717,611,401,260,478,678,478,376,583,546,734,400,408,497,473,452,400,528,546,646,390,496,465,449,648,607,407,448,494,465,552,559,527,519,529,704,467,496,409,320,519,452,390,557,545,467,455,358,453,559,428,657,553,592,609,519,457,508,547,524,525,420,295,568,545,533,395,680,428,550,472,795,493,482,492,433,462,466,711,406,378,664,573,712,467,527,271,563,542,504,664,574,505,359,420,582,458,513,543,590,414,532,555,335,566,515,487,486,371,483,312,533,601,681,486,500,529,550,437,423,640,483,492,341,429,544,385,582,452,539,577,439,440,377,721,585,485,422,540,558,575,578,603,456,357,396,520,689,482,405,529,415,529,446,524,470,537,814,691,531,380,541,520,470,448,673,306,540,524,484,548,441,437,578,340,462,448,587,483,518,432,460,473,531,585,650,513,388,491,460,435,590,623,564,522,650,604,572,655,562,515,508,526,374,459,585,393,485,649,487,688,836,359,377,638,619,452,537,465,452,287,571,429,344,567,456,466,609,431,432,519,457,505,605,504,567,331,369,485,408,480,484,309,598,505,652,527,484,441,517,455,524,598,359,583,579,679,476,319,510,529,446,551,467,674,440,269,521,686,617,678,569,323,694,560,563,531,577,638,532,599,333,412,495,385,452,428,440,557,472,530,550,369,652,607,699,389,465,544,540,426,496,559,414,445,400,458,626,728,653,628,662,229,313,698,489,558,420,483,415,473,704,587,595,214,675,440,321,576,480,681,486,553,402,799,462,474,525,623,533,677,533,687,447,434,735,498,555,562,355,592,352,444,492,580,520,444,525,372,630,567,608,545,526,442,435,355,615,562,489,341,480,633,555,598,438,391,509,429,603,401,436,409,374,395,379,390,444,523,688,673,514,537,446,572,471,432,608,758,509,479,429,329,396,363,461,536,501,426,496,471,309,466,702,479,401,588,460,552,571,355,546,459,428,486,457,469,410,590,382,553,531,572,403,623,392,456,751,460,336,459,571,750,435,547,610,531,504,472,332,550,500,563,634,652,512,603,515,511,574,370,566,430,391,409,477,512,540,681,561,663,506,726,361,600,288,611,332,555,600,616,674,525,504,550,465,519,352,412,629,544,428,484,542,560,452,603,556,750,393,430,447,555,488,503,563,304,675,369,255,491,464,456,386,473,564,569,673,449,437,731,440,597,524,537,519,461,336,520,483,441,657,389,686,488,315,436,437,353,609,423,469,525,508,622,454,549,566,492,499,516,542,506,471,663,451,680,624,562,548,366,403,462,473,706,419,683,508,512,536,496,463,579,444,534,379,418,498,451,430,651,543,383,586,421,519,432,721,670,500,332,440,654,566,445,575,515,679,471,776,499,522,434,543,611,374,545,587,440,475,487,616,344,465,494,391,619,772,436,431,536,521,562,528,521,704,616,507,580,446,491,656,407,638,363,366,531,537,348,428,440,710,721,502,417,543,463,625,485,454,397,592,397,535,446,536,399,574,456,608,627,344,502,421,476,316,363,492,538,681,452,403,394,599,676,412,383,421,424,636,476,615,441,421,556,384,468,326,359,567,487,338,576,494,472,544,637,491,451,455,550,564,557,495,431,671,329,504,485,581,434,624,452,456,482,500,369,640,564,526,421,503,659,497,539,654,454,559,432,344,394,510,485,357,587,401,497,700,461,421,328,632,588,373,515,507,336,626,435,537,492,723,524,435,592,475,299,478,622,327,643,711,558,506,550,521,431,423,587,369,486,409,591,587,384,327,368,738,524,493,479,475,625,513,622,732,232,413,470,488,252,622,501,574,590,558,596,577,531,560,261,612,380,571,460,397,478,447,479,665,599,495,470,638,586,433,440,456,591,510,336,568,667,496,641,722,530,470,558,594,577,413,484,334,318,461,320,418,712,378,506,473,545,402,604,546,448,593,459,577,535,542,522,390,506,344,419,519,664,501,555,433,319,486,521,601,577,596,701,455,457,416,535,385,433,527,468,588,368,357,630,536,665,576,412,442,559,727,505,379,419,423,547,456,419,419,530,367,492,591,481,549,524,630,472,539,468,458,908,473,323,544,624,506,496,449,490,612,375,572,561,460,454,513,392,379,371,650,471,522,542,503,472,425,579,451,517,480,513,476,536,404,505,558,278,506,792,487,311,481,432,490,596,644,431,430,608,529,677,331,433,473,610,374,506,558,481,696,645,565,527,523,520,434,575,688,622,464,387,415,552,609,407,575,644,495,488,438,580,387,414,436,531,390,534,579,511,454,419,500,551,470,657,598,524,687,623,458,546,476,568,565,376,556,515,587,499,420,520,490,551,429,502,496,715,567,323,503,531,519,433,492,748,454,536,440,484,606,293,580,504,481,699,340,560,426,344,659,544,495,462,368,499,506,555,548,540,431,387,594,470,405,683,414,415,432,504,551,355,662,538,480,560,534,482,415,496,475,744,576,515,415,494,487,642,401,574,409,481,205,693,464,650,505,391,559,601,556,451,510,584,604,522,611,762,604,551,587,480,501,491,510,478,579,541,383,605,352,525,549,363,330,591,540,545,383,469,607,581,625,485,506,423,562,568,441,655,528,555,461,285,512,643,549,723,340,487,497,505,495,311,567,487,502,347,608,510,386,556,407,639,671,364,567,561,517,657,646,530,534,463,491,464,588,693,590,588,588,500,509,418,511,563,472,412,406,719,540,540,484,678,367,490,535,690,355,401,416,547,528,548,448,479,609,532,428,546,503,608,323,438,461,549,316,499,573,482,376,601,519,368,591,408,446,585,611,394,396,455,649,388,761,619,734,421,472,651,539,591,535,409,459,583,570,681,387,489,544,310,480,447,460,430,504,378,432,686,502,554,477,509,475,621,452,423,631,339,489,497,363,441,524,518,711,451,413,319,518,451,555,465,415,484,460,452,587,356,646,416,575,372,306,665,525,491,506,345,455,602,424,505,600,728,487,682,407,536,485,501,418,558,529,398,625,783,527,500,490,434,375,515,740,327,436,543,484,584,641,587,603,598,469,467,657,479,738,406,447,539,302,521,363,372,445,423,637,555,396,632,504,305,472,316,620,385,539,568,611,422,542,614,527,564,437,449,605,471,626,632,432,340,544,645,484,612,416,350,617,636,467,558,639,547,359,460,488,563,679,582,647,550,411,455,404,397,539,409,376,501,518,567,648,554,427,498,457,583,516,487,584,451,613,577,510,431,479,470,593,396,371,425,630,406,449,550,551,458,576,386,512,535,698,580,449,656,463,593,397,294,648,428,603,598,624,864,572,405,485,500,553,409,400,670,607,313,557,327,518,518,510,533,376,520,498,601,633,367,424,545,389,584,587,358,510,463,540,438,603,445,570,589,562,469,389,467,555,508,433,523,509,397,513,407,423,614,588,325,455,358,462,374,419,412,487,438,649,412,504,522,593,452,408,590,504,540,631,493,383,658,440,432,546,587,492,591,347,611,436,621,659,706,542,594,467,411,556,560,301,347,504,760,523,656,375,341,561,493,349,372,525,469,469,571,504,523,390,413,523,644,495,414,401,489,381,533,441,652,383,612,409,459,556,596,524,390,457,440,459,477,502,654,758,524,404,761,601,635,544,486,568,408,558,729,660,502,487,490,466,530,413,466,386,581,421,347,452,576,630,508,527,808,409,611,447,535,556,523,725,489,631,530,460,525,537,625,490,399,440,516,579,697,606,823,442,465,323,669,671,606,290,419,508,300,397,574,515,450,294,571,581,679,489,494,460,488,443,423,580,409,453,550,535,578,608,402,532,406,499,460,564,566,521,445,495,426,469,486,423,727,351,380,720,601,605,659,543,390,451,503,433,494,364,488,664,532,619,408,433,444,460,377,710,624,583,534,528,772,343,486,617,343,404,571,360,512,530,430,389,455,543,504,413,622,510,476,554,246,472,524,557,492,664,609,573,467,537,554,617,404,546,519,481,413,419,430,605,657,621,509,545,464,365,587,368,482,461,461,432,580,446,466,480,551,377,534,489,613,542,665,280,635,641,447,559,518,449,491,380,571,327,483,423,542,677,496,475,464,480,578,559,461,480,275,475,454,464,512,529,510,630,605,271,518,443,578,506,622,393,582,468,496,454,438,500,358,392,649,704,499,513,455,566,470,401,615,517,437,631,609,636,489,479,486,381,565,560,473,581,408,580,603,616,496,486,466,276,434,601,366,550,459,359,440,537,524,491,540,448,554,502,551,595,338,691,545,459,431,360,610,507,512,505,455,591,479,594,407,611,572,563,344,503,408,405,618,408,667,660,495,398,578,731,622,533,544,415,430,656,339,532,534,548,501,548,427,581,295,494,689,495,379,548,575,419,312,502,598,455,370,444,543,483,571,719,392,621,495,496,287,531,318,493,639,294,537,481,616,361,684,677,408,380,632,455,391,578,461,595,407,549,598,467,547,471,571,415,543,579,676,578,411,575,487,439,487,558,608,462,586,504,500,467,374,463,390,497,527,435,373,505,589,439,561,517,344,537,404,613,642,412,617,551,541,512,263,681,572,398,594,507,386,580,621,671,340,331,379,290,587,510,448,346,492,347,461,549,561,515,490,555,656,583,433,687,630,488,647,580,624,522,549,659,476,663,582,590,544,395,529,431,491,678,565,245,343,363,503,329,510,465,631,499,545,516,578,515,476,618,392,604,477,688,548,586,419,617,443,566,592,354,591,521,285,439,632,519,440,541,586,448,411,653,448,412,607,376,596,544,507,337,543,566,549,411,571,477,412,351,295,436,498,488,521,397,443,529,444,500,353,473,646,553,759,453,336,541,586,500,423,493,346,486,411,280,491,483,609,418,711,503,587,515,794,549,310,457,462,473,583,487,440,540,539,448,473,521,664,441,489,438,675,403,483,411,672,395,415,323,435,557,699,467,428,441,687,559,592,400,572,620,490,612,412,575,423,355,403,656,622,543,512,478,612,622,473,414,555,608,472,455,553,332,722,521,576,495,572,363,346,676,567,561,569,514,505,374,599,575,564,658,444,343,544,559,475,376,393,422,400,687,461,467,571,540,515,505,586,472,420,377,601,437,422,423,622,287,546,526,507,648,719,376,375,580,571,410,537,663,463,406,531,400,343,420,627,666,485,310,242,609,486,456,569,556,523,572,425,369,469,453,407,416,416,565,749,403,504,518,512,436,451,525,524,573,647,542,337,404,420,675,408,652,694,519,489,631,509,568,876,550,534,565,479,512,436,649,479,301,670,388,590,525,541,587,548,345,234,387,542,403,636,627,464,413,536,551,551,428,528,588,585,604,504,449,589,451,438,394,431,585,744,451,508,497,504,528,551,386,331,569,569,498,457,504,513,435,570,702,491,451,595,397,603,740,367,516,413,552,544,565,484,336,407,355,541,646,508,531,417,755,574,667,533,571,452,551,356,377,548,574,564,434,724,455,531,442,577,604,386,488,463,630,480,613,455,480,683,433,523,487,512,541,516,539,558,535,592,557,492,666,527,409,592,568,449,614,547,460,471,468,554,413,582,511,476,581,395,599,487,546,605,542,533,466,399,655,598,530,564,489,501,499,570,748,442,461,319,420,545,371,435,416,631,416,609,504,727,538,427,447,639,335,345,560,454,544,382,381,549,577,468,488,474,682,536,511,530,551,428,595,581,535,408,680,651,671,506,491,602,499,505,637,454,325,584,700,571,399,480,307,481,541,444,423,532,398,433,580,412,415,414,333,478,445,545,536,581,334,569,595,334,624,465,455,455,641,531,489,515,381,592,513,618,472,508,514,386,515,453,366,444,572,507,532,636,595,403,602,439,487,491,440,435,412,424,737,527,535,450,507,313,492,718,515,347,408,350,637,524,259,514,720,599,348,533,435,471,581,668,587,594,461,650,467,614,535,439,406,515,394,488,769,434,272,407,432,374,484,524,661,701,554,406,656,508,665,471,498,370,445,528,617,484,613,533,481,642,506,572,701,525,540,546,553,349,486,451,741,562,385,494,491,415,541,396,332,673,550,382,437,462,641,459,551,623,470,640,593,438,547,603,556,506,639,581,457,593,527,617,683,449,608,619,454,547,323,650,401,379,609,448,385,671,340,474,494,646,652,471,449,463,664,725,339,451,402,470,514,507,537,495,622,471,498,545,611,608,530,665,544,415,556,651,671,261,513,643,458,620,378,543,568,516,426,586,581,539,684,533,480,625,469,649,633,488,383,627,670,746,450,422,556,669,473,432,548,496,491,491,246,726,427,568,495,510,483,614,454,486,756,600,433,388,594,584,364,557,591,569,684,418,483,402,479,493,582,451,547,430,526,785,735,652,427,401,367,715,710,564,445,721,593,381,326,532,652,405,484,522,561,558,477,435,453,413,675,412,475,402,569,521,522,499,464,583,628,455,542,257,558,369,350,670,482,531,477,329,421,401,576,623,572,339,385,637,684,497,404,404,286,584,443,491,641,432,472,627,608,744,441,656,519,380,545,485,524,461,510,472,586,473,621,404,466,407,423,560,595,601,640,402,657,553,382,732,678,529,721,631,678,445,622,599,575,619,541,512,459,595,448,500,503,547,529,525,381,384,564,484,410,415,515,566,569,710,320,648,551,477,645,532,465,540,344,756,412,495,519,625,438,502,372,400,532,527,307,575,664,504,510,369,571,579,408,607,443,543,553,373,593,563,323,411,396,645,500,502,407,547,595,386,285,515,415,488,576,682,455,544,655,561,518,790,574,590,604,457,283,588,673,680,552,760,686,598,415,695,749,312,473,486,573,523,509,478,510,462,521,547,539,554,401,438,622,540,506,364,399,573,546,507,615,487,504,480,539,463,478,491,412,412,512,519,419,450,539,676,540,540,432,337,600,420,572,540,306,439,464,478,577,491,322,432,633,601,560,414,546,479,437,602,591,339,399,286,595,463,613,519,498,274,683,730,659,311,572,391,631,610,555,481,698,521,532,441,545,495,562,464,643,624,221,552,391,481,526,399,493,509,509,406,496,430,593,423,418,253,564,391,526,454,642,589,457,617,667,377,318,510,361,566,600,517,570,598,774,763,426,653,571,600,582,453,476,563,639,457,625,393,577,468,640,531,460,493,648,652,487,616,347,515,448,356,545,701,618,475,420,456,592,576,515,422,653,589,458,588,372,455,512,281,568,545,554,634,640,363,438,563,515,291,580,490,513,417,485,416,393,561,491,502,656,502,684,644,549,389,544,665,434,627,630,653,462,503,521,338,628,466,544,513,385,493,491,548,460,594,577,533,474,430,540,750,563,424,415,438,452,790,353,596,603,575,536,726,587,540,625,472,645,407,420,434,428,423,543,538,540,604,578,475,579,349,545,612,396,485,433,366,658,342,575,529,543,559,273,496,566,482,537,492,641,505,393,608,480,619,738,515,467,564,468,367,375,343,472,361,462,448,526,552,452,364,486,453,436,490,780,602,592,532,392,586,534,578,451,634,587,450,530,498,639,454,658,598,548,350,578,423,426,518,664,429,402,443,540,441,593,494,692,481,480,350,486,501,479,516,566,280,526,480,734,738,335,445,714,402,441,511,398,508,600,336,361,517,587,444,471,421,615,505,426,607,609,256,525,496,714,591,263,686,441,662,558,654,523,370,567,641,480,474,387,421,436,427,501,264,417,390,587,423,504,546,448,325,635,448,571,403,440,632,504,738,471,545,550,530,470,533,408,567,589,407,615,399,383,592,685,395,611,467,532,523,634,585,416,536,450,581,596,574,388,502,431,498,499,659,603,483,385,384,541,392,451,604,617,556,515,625,624,578,459,395,502,576,404,480,592,513,629,444,630,639,616,447,463,498,524,404,433,258,481,629,369,496,582,462,505,411,399,598,504,555,686,544,422,612,470,443,549,532,534,483,609,538,524,561,482,552,379,608,521,591,508,365,561,436,410,607,415,530,517,782,438,588,596,585,420,405,510,540,404,539,444,521,457,615,578,551,602,590,619,521,497,493,372,436,452,548,532,499,589,623,422,358,497,473,426,534,563,390,432,448,355,452,559,413,597,620,631,684,718,561,463,486,443,497,732,465,654,563,487,533,423,467,377,337,385,761,504,431,562,590,547,380,435,424,452,413,473,414,383,455,686,498,432,507,646,382,495,627,485,529,447,476,294,317,475,564,449,385,506,556,504,550,570,422,587,545,507,519,435,456,580,557,472,747,614,565,500,515,484,424,447,513,568,551,417,507,422,596,442,615,546,384,278,518,435,532,324,538,526,632,467,652,537,573,704,633,597,535,376,434,495,503,542,407,453,645,458,606,383,480,534,363,562,546,399,569,367,562,511,485,573,710,499,420,486,762,358,542,547,535,385,486,514,285,527,405,474,389,445,456,442,447,415,540,539,375,382,517,415,567,568,635,343,479,417,493,591,389,714,475,306,516,407,527,402,536,569,709,439,450,493,502,389,690,624,545,700,523,578,419,520,521,599,519,529,470,641,426,553,343,431,580,532,803,379,374,368,387,605,649,562,364,472,561,529,485,281,629,409,539,501,564,563,463,564,568,681,451,803,398,504,545,539,555,623,593,567,433,668,399,319,596,459,531,643,634,546,402,480,559,496,483,438,419,682,431,575,356,492,620,801,679,475,606,541,455,544,333,587,484,415,467,532,391,414,520,472,532,462,422,356,468,499,475,391,444,442,487,655,402,497,495,603,666,542,539,459,487,408,840,270,281,589,639,546,515,492,516,578,633,408,512,383,566,377,678,501,546,639,463,625,362,469,437,538,539,679,599,528,538,621,371,483,306,432,558,345,687,560,609,258,483,390,370,405,573,544,468,681,536,639,547,619,553,476,464,691,499,537,624,468,651,490,442,464,591,420,495,453,438,455,415,609,634,423,528,708,350,380,553,711,624,404,423,419,594,878,508,495,558,566,647,487,595,500,523,479,723,429,572,364,452,618,430,656,490,444,640,538,557,657,655,540,551,467,630,366,500,582,474,491,455,452,328,282,554,474,514,619,364,609,483,363,611,383,487,709,451,432,260,485,527,586,432,339,435,490,410,352,306,502,494,424,395,474,432,620,538,574,382,536,608,559,502,496,497,444,392,617,527,611,638,393,505,516,606,468,387,419,512,515,396,325,414,554,524,574,604,510,716,622,502,583,675,659,512,386,549,492,419,302,574,582,392,381,387,585,400,556,589,383,589,619,428,497,537,675,480,743,634,472,403,540,560,564,535,445,555,588,503,536,649,640,273,543,516,457,612,641,671,437,596,441,668,628,560,517,741,473,370,368,511,551,763,655,567,486,650,434,591,519,612,730,536,415,554,414,484,568,550,447,494,471,574,573,545,558,612,413,503,461,522,451,620,430,461,383,559,405,720,283,334,537,462,578,697,589,504,504,536,598,556,544,644,323,445,509,501,500,536,671,377,359,534,580,465,469,408,600,624,520,743,574,367,336,387,768,606,572,540,403,651,631,573,352,362,464,476,427,483,500,740,611,618,563,412,550,625,365,556,332,536,540,633,592,532,517,399,474,556,512,658,430,523,557,388,571,598,593,530,638,591,414,476,742,509,535,558,486,679,621,533,473,557,552,383,611,375,494,499,646,706,655,499,508,444,626,569,413,532,644,530,443,568,402,556,619,517,411,460,498,486,565,456,579,536,248,749,372,510,559,449,415,571,311,417,428,561,574,625,554,433,292,501,467,528,661,463,539,627,393,505,426,653,497,643,603,540,465,425,504,420,652,357,585,521,503,496,560,624,310,615,534,600,631,564,456,503,409,451,417,518,462,470,385,592,696,399,368,616,350,512,515,582,363,532,542,560,403,432,444,582,401,367,290,423,669,449,647,444,533,543,546,522,605,448,448,547,556,570,363,684,587,398,508,551,508,539,433,590,649,565,525,662,620,318,637,689,492,349,534,484,511,469,557,612,397,265,326,552,268,656,512,514,503,505,432,492,370,626,466,512,470,542,416,400,499,553,512,367,783,526,678,483,631,388,348,499,626,418,503,473,543,675,502,551,635,677,545,536,472,540,564,476,551,551,707,461,385,516,408,363,300,444,596,545,406,467,742,452,473,394,573,571,482,418,814,560,601,607,424,583,542,526,530,446,538,415,478,616,628,434,524,612,514,413,441,489,366,671,401,686,555,635,556,616,612,637,574,405,548,660,627,454,538,493,614,418,468,462,457,553,655,464,692,413,398,510,454,403,523,445,300,596,604,460,626,639,505,496,711,499,403,555,513,381,367,462,462,591,414,513,562,540,585,607,573,353,376,558,568,399,521,425,539,548,589,365,275,524,472,403,424,522,600,552,408,598,515,594,418,426,475,461,599,446,456,633,554,615,365,500,451,655,323,545,668,478,446,457,550,398,525,545,547,603,622,675,378,455,624,568,588,401,452,702,583,557,566,536,606,422,366,426,555,412,489,558,509,414,403,356,529,555,678,552,505,369,689,572,496,542,544,474,479,544,640,622,346,578,619,467,214,457,588,578,657,382,614,773,443,430,427,441,449,451,375,415,551,558,443,555,498,544,364,571,397,520,424,408,576,678,318,536,362,347,508,443,675,505,608,522,477,535,560,503,612,600,427,458,502,570,333,554,621,371,527,356,601,582,568,786,430,480,589,560,455,466,566,464,578,498,585,579,435,522,506,645,425,501,366,558,528,357,564,589,489,591,592,552,585,521,486,522,498,368,499,492,569,334,551,524,466,524,439,395,649,664,445,558,391,703,530,648,491,468,377,459,495,499,414,518,236,359,615,386,348,514,495,609,643,517,547,658,516,465,485,462,665,530,332,562,529,556,504,432,313,472,577,379,591,377,397,398,495,507,463,575,447,500,371,468,587,382,391,518,485,315,742,535,447,525,486,611,330,450,475,583,563,439,367,600,567,662,471,584,549,552,479,596,449,694,405,535,547,463,550,464,592,614,552,697,549,551,621,502,297,425,406,363,432,353,482,360,567,424,557,439,596,583,574,501,636,610,440,458,531,382,358,756,591,474,349,403,411,440,397,454,336,406,406,493,302,511,441,525,629,369,640,669,696,428,417,558,589,704,479,362,542,533,601,417,331,619,390,277,445,586,406,611,516,649,432,597,628,707,636,396,474,435,422,483,509,408,574,535,438,652,498,536,559,360,484,681,602,523,557,680,589,555,411,588,440,315,632,545,529,412,451,617,472,447,524,547,534,413,557,400,481,336,662,578,596,358,486,399,600,511,591,407,670,447,579,548,860,375,596,574,588,306,588,437,420,535,530,522,591,601,483,565,487,555,434,374,344,455,361,515,462,480,503,472,662,433,567,575,773,578,514,492,496,411,438,673,730,472,457,679,409,417,497,562,585,476,521,629,408,344,386,469,462,334,369,328,645,343,521,440,498,588,448,359,502,581,460,545,609,381,642,490,509,617,478,544,497,585,487,444,577,540,701,464,583,440,469,452,374,465,477,597,498,468,602,556,639,376,562,449,444,442,467,418,435,597,616,514,640,484,440,409,585,649,625,555,657,336,492,663,472,556,433,480,496,617,554,554,550,494,436,657,454,394,493,616,556,305,582,510,423,463,650,480,589,618,595,561,655,523,446,655,380,453,575,516,610,515,521,601,562,517,589,527,557,524,318,604,587,519,501,532,436,416,448,752,520,633,408,550,491,415,551,429,394,494,518,581,376,295,600,447,484,697,615,565,564,635,573,307,599,468,627,336,446,342,498,414,771,331,654,709,552,446,559,592,384,499,628,388,551,420,543,569,459,478,583,707,411,637,594,609,464,431,593,501,610,399,483,476,572,572,646,347,565,436,530,548,528,415,449,644,439,408,368,541,481,462,499,442,465,611,643,565,525,433,536,447,578,608,543,420,478,608,463,581,431,705,291,519,563,631,444,548,520,574,352,416,529,540,401,575,524,623,455,535,558,640,424,666,484,621,395,275,604,302,543,553,377,416,425,478,502,553,521,645,546,349,513,563,562,505,647,457,303,748,459,377,664,729,715,515,339,519,454,579,574,592,558,506,278,717,380,524,404,430,677,396,568,601,563,685,578,578,408,512,468,644,642,553,528,517,417,612,476,651,353,530,571,421,551,621,428,532,318,742,493,384,472,398,705,737,453,446,434,400,572,582,433,684,639,361,572,524,427,586,584,664,435,633,505,505,481,646,521,432,350,584,559,482,496,703,599,435,411,427,495,570,491,777,610,400,447,646,714,580,451,499,647,625,429,664,587,398,513,559,355,499,434,581,276,443,540,573,511,520,458,435,337,553,591,457,350,287,359,611,452,482,478,414,462,590,475,740,383,597,497,554,568,613,443,553,611,583,283,429,482,401,597,669,565,664,588,580,589,246,472,615,536,545,689,576,432,350,529,614,568,628,535,423,574,615,360,313,487,528,507,486,440,531,403,637,569,517,561,247,502,583,484,585,478,415,462,519,489,385,556,553,385,393,611,595,356,426,516,622,400,548,528,258,435,616,625,467,416,493,521,385,472,318,508,577,355,524,638,496,184,508,541,467,610,463,562,576,310,484,683,603,670,505,467,679,501,524,441,688,322,552,728,548,581,444,570,567,666,555,570,477,469,533,404,563,508,697,504,526,590,706,286,597,437,391,428,469,473,628,440,668,431,433,518,642,638,295,455,441,530,417,609,627,509,568,444,495,606,713,556,494,648,422,601,484,444,615,555,487,538,378,512,713,575,434,752,489,443,412,514,460,449,436,566,478,510,531,417,505,524,372,591,483,609,430,491,757,484,586,477,409,503,480,680,422,632,543,456,507,313,568,470,379,539,577,640,443,390,476,561,411,633,495,588,519,377,601,410,374,552,698,573,603,460,511,481,531,494,508,463,702,499,419,525,503,627,753,524,411,446,592,580,571,460,553,565,420,531,515,547,444,599,480,471,458,565,382,504,543,589,555,349,593,517,512,322,508,405,484,535,346,767,341,484,598,596,516,649,556,477,564,393,672,485,337,472,449,357,507,696,575,539,519,613,529,432,496,583,444,526,633,512,473,483,442,411,505,459,642,513,537,423,391,480,435,669,525,451,524,507,517,625,578,582,511,275,359,444,415,423,464,467,510,496,513,561,620,347,542,480,440,241,460,529,519,396,607,393,450,336,664,441,492,550,337,551,662,604,471,678,757,543,343,629,425,595,564,594,516,626,596,586,433,503,612,454,708,561,499,680,700,480,625,585,369,417,462,396,483,622,449,558,240,474,485,622,735,504,419,626,450,607,507,538,605,448,703,537,474,543,654,595,615,410,407,687,721,466,543,477,627,498,330,408,516,544,534,652,407,572,605,624,560,573,415,688,421,502,455,480,534,478,502,347,443,455,575,505,545,596,455,502,529,503,381,360,283,525,402,659,461,428,610,455,552,482,592,564,614,430,654,677,610,488,492,521,456,457,412,403,619,682,468,359,638,595,590,371,502,534,488,374,SAD_
487,533,620,334,542,Toggle ADC
