400
537
483
542
513
634
637
466
551
260
445
568
417
521
380
742
615
486
421
612
449
456
472
543
555
561
836
630
553
512
498
707
474
557
500
541
527
473
503
463
473
505
505
488
399
402
596
465
470
649
450
366
605
452
649
491
456
495
608
710
291
486
562
417
604
489
570
447
496
460
463
495
621
512
526
488
510
489
476
205
540
291
354
508
523
272
547
444
698
533
498
487
635
407
403
620
383
404
648
503
578
493
671
401
431
279
653
405
414
586
398
446
569
463
538
411
467
408
605
412
572
421
495
475
500
480
480
524
519
495
472
777
594
487
599
468
447
290
736
459
614
367
407
504
414
900
679
451
609
460
515
397
394
446
697
599
539
408
580
418
532
372
410
614
558
673
325
524
304
577
511
486
713
510
531
372
537
426
428
371
551
491
531
519
491
565
719
404
608
504
531
311
672
583
431
453
656
341
673
245
453
376
453
604
557
615
606
459
553
473
403
468
558
586
488
315
579
454
643
292
500
536
570
496
399
488
631
215
425
472
416
334
710
503
597
555
472
515
628
409
639
281
583
429
607
356
458
450
712
396
423
391
543
502
687
543
490
387
685
573
579
336
515
370
638
608
665
508
444
483
571
482
607
396
607
306
558
536
501
571
460
528
672
569
530
286
531
433
291
553
588
562
653
581
475
671
577
687
600
401
538
582
388
673
741
443
581
455
545
574
547
567
551
422
508
472
535
384
454
546
592
533
665
563
660
498
563
505
586
476
548
570
440
456
432
482
678
327
471
510
435
569
459
300
366
624
799
378
448
406
442
490
657
518
445
398
805
626
577
461
363
319
537
478
489
453
554
408
384
560
553
581
447
412
822
539
519
393
619
672
623
532
444
335
462
427
636
284
532
614
444
577
674
465
787
565
531
555
563
387
603
531
533
607
547
334
542
661
524
537
449
537
509
436
471
590
553
615
528
359
550
396
409
423
557
497
557
368
493
591
581
665
661
514
525
413
475
483
765
452
715
434
542
548
672
518
221
519
568
398
513
439
368
564
433
315
435
504
733
458
719
419
568
579
769
380
548
432
567
409
511
452
549
388
470
495
647
475
578
471
555
448
405
415
476
437
668
464
449
447
525
538
604
424
520
506
575
445
623
375
489
493
588
620
498
581
446
662
351
460
622
539
603
481
655
276
468
575
854
525
528
472
461
547
468
498
462
540
567
695
487
382
375
677
408
613
534
543
620
604
606
521
491
526
481
556
419
428
552
662
562
450
313
568
486
417
224
350
510
472
369
360
776
344
398
504
457
270
596
747
479
385
674
491
372
536
614
508
629
407
583
558
768
380
378
377
818
512
639
400
661
519
474
540
601
422
657
373
485
554
513
551
433
707
493
470
655
493
593
607
631
425
543
401
607
426
520
386
654
425
561
566
620
522
488
411
476
531
522
304
351
401
472
467
371
554
583
513
276
604
455
606
574
484
552
350
430
421
465
680
669
391
548
438
571
527
490
321
833
597
626
522
428
547
680
300
540
390
711
551
553
493
544
497
628
535
849
619
519
360
492
374
692
543
657
382
485
446
621
480
900
614
498
443
627
525
547
630
660
467
585
563
416
547
574
472
618
364
340
528
597
244
748
417
622
650
613
567
471
415
761
460
598
606
595
382
727
516
612
510
575
652
397
558
539
628
630
577
428
499
443
489
363
655
569
404
396
670
475
379
536
483
478
525
572
604
615
651
567
503
505
556
523
454
476
280
546
438
613
423
534
472
463
468
503
419
547
376
398
626
499
558
526
667
648
395
473
596
593
518
647
369
459
509
593
517
409
311
612
449
547
450
535
688
412
666
443
598
502
503
733
544
688
398
541
448
752
496
319
461
650
461
436
349
537
321
493
615
433
518
766
606
621
540
540
515
531
415
619
397
584
354
485
415
545
683
591
409
422
559
533
410
636
389
331
463
464
448
537
349
555
482
636
684
467
415
617
239
471
480
516
324
318
295
452
405
641
375
709
482
519
499
625
534
588
420
481
430
559
452
629
531
519
529
492
358
563
390
332
620
489
473
576
607
582
527
655
559
383
218
443
481
644
387
543
571
539
480
565
728
516
492
409
460
414
419
342
505
438
499
617
331
515
685
419
469
638
536
398
456
522
565
612
450
502
453
486
454
768
592
562
655
522
362
664
444
484
530
680
713
663
397
533
336
459
550
448
371
530
300
718
419
592
444
411
439
552
524
408
537
428
462
560
499
376
468
426
517
668
472
529
633
583
258
787
475
409
345
362
596
509
398
488
386
760
385
624
459
544
590
590
474
439
582
719
422
627
467
505
636
559
335
467
406
336
492
464
471
560
427
415
395
491
326
561
440
480
483
389
436
610
427
565
417
492
547
411
556
484
624
556
518
543
576
511
429
566
498
630
609
628
483
434
544
547
483
707
487
447
492
716
387
420
372
447
533
457
307
568
617
527
371
553
467
708
365
299
270
610
550
523
774
513
401
489
485
432
435
563
611
735
291
474
400
721
434
489
615
631
399
371
427
650
604
457
406
710
465
654
491
564
578
589
386
478
420
452
449
386
560
531
577
475
509
557
454
578
463
545
401
553
421
635
545
698
477
527
464
577
497
600
567
600
504
466
532
729
485
271
481
515
430
604
541
463
550
643
538
331
493
542
385
538
508
660
751
491
667
463
604
605
519
543
387
545
490
394
553
387
394
364
607
388
574
526
645
265
597
353
639
375
679
532
493
319
350
469
694
379
638
555
691
590
608
450
380
280
526
367
587
575
520
522
531
411
612
459
616
513
438
385
472
574
389
509
382
527
551
640
572
395
476
565
577
467
645
489
678
376
663
509
501
709
620
620
575
519
407
513
713
670
432
624
569
586
763
466
681
401
473
450
537
467
639
438
572
379
544
328
452
384
577
498
412
526
470
378
632
399
594
390
511
438
420
392
472
387
552
574
674
575
545
846
440
793
707
598
650
432
547
535
723
461
613
518
599
317
537
424
487
386
625
494
540
622
556
499
453
489
781
452
733
506
587
484
561
393
393
442
758
308
386
396
782
560
459
426
419
457
686
644
436
440
611
491
508
323
446
607
577
333
382
385
519
483
494
292
653
469
527
732
482
429
665
500
516
459
436
643
424
548
507
596
535
470
560
608
522
369
574
496
608
410
499
615
487
411
353
508
617
521
595
279
576
444
766
573
587
455
593
402
408
399
477
288
452
202
526
672
517
518
336
619
553
305
460
508
407
497
465
475
414
359
364
453
443
575
657
543
583
483
644
491
363
514
614
589
706
267
676
300
555
487
560
528
561
527
481
547
543
502
529
550
566
415
461
393
668
572
479
642
478
583
623
591
496
422
359
566
879
522
431
533
598
497
661
551
647
503
615
561
569
456
516
471
527
466
630
568
552
542
498
574
517
597
548
310
403
631
432
568
509
576
589
330
425
381
474
462
483
401
411
615
599
497
658
384
558
650
586
449
478
400
620
644
651
523
535
321
531
475
793
505
794
207
620
431
390
272
522
454
479
499
510
506
651
463
567
470
458
568
552
516
646
615
661
655
488
525
616
455
404
477
604
680
427
399
737
494
466
639
610
446
632
311
552
541
499
454
569
430
589
597
486
551
529
495
691
436
662
508
598
450
384
474
586
492
555
307
676
583
411
447
553
391
448
317
569
338
427
475
546
381
706
511
519
356
578
449
735
390
403
379
736
499
501
582
674
466
585
481
666
409
686
499
521
355
535
591
460
531
662
492
430
440
525
606
639
360
543
421
613
510
643
486
474
478
606
319
414
347
568
394
415
377
344
483
565
423
354
461
455
512
448
574
404
558
622
590
472
444
407
363
757
352
459
433
641
456
576
590
591
583
604
388
722
430
448
334
281
492
718
604
492
358
645
519
677
324
657
465
501
425
590
553
694
548
411
693
663
486
654
550
589
367
423
578
425
455
636
322
472
545
570
373
652
423
464
690
518
625
532
413
547
502
679
532
444
454
441
431
465
675
457
625
402
489
687
581
411
586
451
354
536
497
440
381
392
433
652
381
687
536
570
461
454
433
504
400
476
475
611
509
644
493
499
704
608
513
562
302
565
415
454
556
531
520
432
472
492
497
428
438
646
526
457
261
587
630
392
362
649
656
536
441
571
487
464
465
548
399
520
752
550
493
427
497
416
583
654
536
390
300
475
343
550
335
501
506
406
296
600
513
473
573
434
412
523
388
550
562
671
403
460
431
506
289
493
419
526
396
411
530
816
511
577
565
388
353
770
403
516
599
587
505
442
419
545
617
685
423
648
612
680
577
471
550
470
561
543
436
815
571
464
402
816
550
572
297
522
361
517
668
440
373
575
548
406
475
472
488
515
594
387
652
486
382
417
514
395
428
422
443
788
472
571
516
559
482
524
557
664
364
627
601
749
583
491
470
756
308
478
635
647
611
646
513
432
348
661
493
607
519
422
534
647
500
426
354
647
457
652
446
467
545
301
356
519
382
503
443
514
476
321
473
507
607
605
763
568
507
529
519
595
539
415
560
712
313
619
511
612
663
603
399
592
292
656
451
446
657
376
556
442
611
522
561
456
592
688
486
659
495
449
460
533
289
444
424
263
384
548
431
561
468
627
459
574
442
441
518
620
376
519
338
357
527
554
432
536
417
598
521
376
283
551
466
688
343
537
652
483
382
637
532
845
437
451
336
616
529
678
417
579
525
783
400
679
441
545
521
602
608
595
612
752
545
459
571
315
487
519
638
510
432
531
323
497
377
436
502
493
497
519
439
548
530
821
516
571
477
482
333
479
459
481
507
654
384
439
273
511
491
406
606
761
501
828
509
507
638
433
801
492
690
499
480
495
516
515
502
695
511
573
542
632
528
399
457
725
333
607
414
470
444
540
412
594
452
500
495
356
427
560
253
721
478
689
383
444
609
544
652
716
429
683
395
429
487
497
582
432
211
463
544
529
327
429
515
511
383
509
468
581
510
553
504
432
358
594
359
551
510
719
274
647
402
513
450
452
533
499
523
801
383
530
660
651
548
469
515
560
590
499
392
648
472
675
497
395
542
516
488
462
536
710
569
696
440
531
588
575
732
623
379
685
470
470
369
536
504
536
476
608
476
520
459
451
498
402
291
480
391
370
647
433
573
639
197
508
729
814
568
568
344
645
344
559
373
706
671
455
492
731
390
678
404
435
342
549
483
550
369
675
613
556
323
487
544
396
387
384
616
503
489
646
499
531
397
459
528
698
566
628
541
425
562
407
455
448
705
479
430
486
515
444
584
326
383
643
319
375
556
475
636
570
518
601
529
608
661
617
474
403
464
403
420
465
465
617
441
666
428
606
561
560
563
539
399
474
503
691
403
504
399
686
467
700
713
550
515
585
601
659
520
553
615
414
593
624
612
512
442
421
553
535
446
651
529
398
371
635
316
730
369
401
561
335
353
656
546
606
434
603
527
517
489
425
504
482
513
518
349
526
526
507
476
607
589
707
461
738
724
440
555
724
331
649
548
706
280
418
528
707
632
509
452
616
501
490
383
563
225
480
462
620
539
629
498
426
578
253
307
483
587
550
527
565
404
710
482
487
376
726
375
514
436
696
787
331
581
593
454
651
434
457
700
556
643
597
590
628
467
632
394
601
442
596
392
634
465
662
396
558
562
538
359
469
443
628
733
609
468
542
427
566
425
621
455
519
260
575
271
571
444
560
327
530
357
482
526
599
497
577
488
451
427
321
524
386
615
594
406
563
375
482
535
585
416
572
649
527
362
620
583
390
795
634
409
467
531
540
608
504
316
699
428
478
518
530
528
543
402
633
645
397
522
545
407
496
522
494
647
611
523
717
466
519
449
690
388
332
325
487
510
560
583
310
444
597
334
425
502
551
314
676
317
439
465
684
386
541
478
513
299
428
596
599
513
644
355
382
274
682
499
426
497
607
780
477
564
623
452
348
480
559
412
593
538
639
548
463
519
347
345
608
545
780
539
542
349
545
515
343
465
652
599
654
522
665
507
543
352
794
483
593
353
527
399
463
586
593
456
443
500
493
487
472
508
369
474
458
384
554
336
584
579
434
516
575
270
650
434
510
431
621
419
558
545
588
505
618
515
577
452
544
522
508
546
642
476
439
462
497
448
614
421
505
470
359
608
437
620
678
622
539
322
725
540
496
376
604
698
510
474
385
304
575
667
561
563
627
250
499
322
421
536
489
409
617
200
366
558
497
305
513
487
595
516
352
359
378
485
516
511
503
577
383
563
705
275
498
428
551
434
448
373
563
514
527
416
559
286
551
465
629
327
564
472
571
632
654
520
634
376
565
275
371
560
361
647
562
635
533
519
615
444
633
481
527
479
690
477
595
341
831
604
391
614
600
588
475
462
387
395
539
639
605
479
541
498
494
546
472
619
688
382
497
426
552
612
572
535
345
624
471
423
460
485
520
240
317
592
487
638
319
391
615
483
354
370
577
331
435
419
503
396
656
592
677
391
515
405
632
381
702
530
649
457
424
465
397
423
531
228
501
555
319
566
404
407
478
520
466
504
552
428
431
529
609
619
548
431
622
565
383
619
463
487
620
416
560
391
518
619
537
440
567
510
616
527
481
379
607
502
633
524
635
435
412
529
571
435
535
387
364
434
470
521
442
460
444
494
642
447
568
508
621
577
690
599
464
483
526
620
486
671
522
470
478
605
489
704
649
503
662
482
536
313
493
424
334
357
616
445
599
407
391
339
648
625
505
447
540
655
833
571
550
724
458
671
454
505
546
551
323
454
435
403
543
306
551
395
383
435
559
471
475
442
600
321
384
277
353
674
607
812
595
419
391
638
808
359
505
585
582
520
526
563
799
309
617
390
463
516
517
459
650
539
558
331
479
520
707
401
270
498
620
505
619
694
321
708
401
531
536
595
560
427
555
382
381
452
531
496
622
625
529
623
725
307
673
567
515
465
516
459
579
366
474
517
732
365
437
346
390
516
516
454
470
551
527
679
603
572
581
421
487
423
412
440
709
631
568
410
375
311
565
492
586
567
339
472
495
451
606
389
557
500
540
430
478
600
402
473
717
293
471
481
594
234
639
351
492
508
417
462
659
491
639
424
501
461
547
512
676
362
419
557
419
575
715
465
487
428
692
547
499
404
617
435
639
566
692
536
649
352
512
542
561
393
462
585
489
382
452
507
422
395
539
432
440
434
752
599
443
408
627
550
504
497
481
467
625
237
473
574
552
505
487
535
593
455
621
459
658
352
756
399
510
493
575
422
571
481
697
294
545
511
334
427
532
558
777
466
627
333
374
399
605
423
372
702
629
469
604
460
591
354
528
452
595
690
443
376
441
461
676
481
630
465
395
441
537
329
385
388
518
468
381
886
530
262
423
467
469
376
334
593
556
516
612
607
660
406
572
317
537
547
570
569
704
476
547
533
436
496
628
465
407
435
607
542
724
427
489
508
775
514
315
480
610
364
580
692
511
340
670
289
605
430
429
483
633
418
401
472
506
425
530
504
504
413
472
462
671
459
537
460
637
507
492
